366 218
366 53
366 309
366 37
366 298
366 37
366 80
366 148
366 185
366 180
366 26
366 29
366 341
366 38
366 4
366 77
366 629
366 41
366 224
366 681
366 529
366 43
366 372
366 464
366 248
366 330
366 48
366 112
366 13
366 95
366 94
366 112
366 523
366 44
366 290
366 31
366 264
366 159
366 4
366 17
366 77
366 372
366 290
366 298
366 114
366 180
366 28
366 60
366 372
366 924
366 22
366 465
366 43
366 416
366 77
366 341
366 13
366 924
366 43
366 52
366 386
366 319
366 344
366 57
366 50
366 372
366 49
366 372
366 50
366 309
366 64
366 52
366 116
366 44
366 386
366 165
366 38
366 48
366 529
366 170
366 23
366 49
366 97
366 165
366 61
366 4
366 261
366 263
366 77
366 7
366 28
366 23
366 420
366 290
366 1
366 185
366 344
366 681
366 319
366 224
366 243
366 60
366 523
366 166
366 116
366 44
366 11
366 465
366 279
366 252
366 185
366 37
366 52
366 420
366 10
366 924
366 309
366 80
366 45
366 10
366 53
366 112
366 28
366 629
366 165
366 82
366 82
366 27
366 264
366 17
366 252
366 27
366 319
366 290
366 681
366 48
366 372
366 658
366 97
366 27
366 60
366 319
366 420
366 235
366 27
366 41
366 31
366 57
366 475
366 23
366 165
366 50
366 243
366 152
366 64
366 597
366 319
366 263
366 330
366 330
366 185
366 195
366 170
366 185
366 235
366 45
366 605
366 116
366 80
366 42
366 53
366 31
366 28
366 170
366 252
366 523
366 174
366 50
366 116
366 523
366 70
366 365
366 52
366 17
366 529
366 166
366 77
366 80
366 159
366 97
366 344
366 114
366 195
366 70
366 372
366 395
366 320
366 42
366 57
366 416
366 416
366 61
366 60
366 64
366 7
366 224
366 248
366 42
366 681
366 159
366 61
366 195
366 95
366 45
366 395
366 268
366 82
366 64
366 38
366 185
366 319
366 365
366 87
366 264
366 116
366 330
366 97
366 658
366 629
366 97
366 386
366 6
366 11
366 605
366 279
366 416
366 86
366 98
366 185
366 148
366 23
366 180
366 31
366 344
366 464
366 263
366 597
366 344
366 549
366 629
366 298
366 309
366 549
366 372
366 195
366 279
366 395
366 45
366 224
366 87
366 681
366 10
366 112
366 28
366 218
366 252
366 180
366 330
366 330
366 50
366 98
366 924
366 924
366 87
366 48
366 218
366 263
366 72
366 344
366 529
366 168
366 681
366 80
366 147
366 529
366 218
366 41
366 87
366 43
366 475
366 279
366 264
366 372
366 248
366 77
366 924
366 95
366 681
366 21
366 365
366 21
366 42
366 465
366 298
366 37
366 224
366 180
366 605
366 290
366 60
366 529
366 320
366 924
366 252
366 252
366 13
366 172
366 72
366 298
366 180
366 112
366 549
366 252
366 416
366 629
366 166
366 319
366 22
366 170
366 64
366 365
366 252
366 61
366 465
366 61
366 1
366 629
366 95
366 261
366 365
366 148
366 605
366 37
366 10
366 159
366 6
366 50
366 248
366 70
366 21
366 617
366 924
366 48
366 475
366 172
366 464
366 38
366 60
366 263
366 658
366 7
366 41
366 224
366 29
366 248
366 72
366 82
366 597
366 166
366 341
366 1
366 112
366 617
366 49
366 60
366 86
366 464
366 172
366 28
366 268
366 31
366 48
366 61
366 172
366 72
366 924
366 263
366 22
366 252
366 1
366 290
366 248
366 617
366 1
366 218
366 243
366 658
366 31
366 7
366 180
366 924
366 465
366 57
366 21
366 44
366 658
366 48
366 658
366 6
366 170
366 681
366 224
366 27
366 22
366 42
366 97
366 268
366 319
366 395
366 681
366 43
366 106
366 106
366 37
366 43
366 475
366 48
366 23
366 597
366 43
366 549
366 45
366 97
366 341
366 218
366 372
366 235
366 7
366 148
366 17
366 617
366 529
366 42
366 268
366 50
366 180
366 416
366 57
366 464
366 4
366 80
366 529
366 1
366 77
366 38
366 114
366 261
366 41
366 319
366 180
366 465
366 45
366 243
366 87
366 11
366 80
366 4
366 7
366 465
366 416
366 11
366 159
366 523
366 1
366 94
366 41
366 80
366 420
366 243
366 61
366 330
366 7
366 21
366 13
366 529
366 320
366 13
366 49
366 116
366 165
366 166
366 529
366 195
366 319
366 70
366 152
366 26
366 11
366 6
366 243
366 106
366 309
366 263
366 98
366 235
366 116
366 57
366 617
366 235
366 45
366 22
366 60
366 658
366 148
366 529
366 148
366 152
366 27
366 475
366 159
366 1
366 159
366 37
366 152
366 147
366 7
366 290
366 50
366 924
366 170
366 13
366 605
366 37
366 86
366 94
366 629
366 11
366 681
366 629
366 549
366 195
366 148
366 185
366 252
366 72
366 27
366 37
366 43
366 148
366 172
366 372
366 72
366 114
366 6
366 344
366 45
366 98
366 523
366 41
366 465
366 1
366 22
366 549
366 475
366 31
366 23
366 166
366 248
366 95
366 248
366 605
366 13
366 42
366 97
366 60
366 106
366 72
366 70
366 475
366 31
366 147
366 148
366 7
366 7
366 372
366 43
366 924
366 77
366 248
366 43
366 98
366 605
366 53
366 80
366 681
366 106
366 95
366 168
366 11
366 386
366 31
366 170
366 106
366 309
366 420
366 166
366 41
366 50
366 235
366 263
366 235
366 42
366 529
366 170
366 64
366 298
366 27
366 31
366 365
366 243
366 48
366 21
366 819
366 195
366 264
366 77
366 319
366 148
366 261
366 416
366 195
366 180
366 166
366 218
366 319
366 41
366 344
366 86
366 48
366 43
366 319
366 172
366 605
366 261
366 344
366 416
366 395
366 617
366 106
366 86
366 416
366 681
366 37
366 31
366 23
366 17
366 420
366 98
366 281
366 13
366 174
366 309
366 106
366 41
366 365
366 97
366 95
366 252
366 64
366 77
366 372
366 95
366 112
366 195
366 87
366 172
366 94
366 82
366 98
366 112
366 147
366 159
366 98
366 617
366 416
366 11
366 50
366 116
366 279
366 48
366 80
366 1
366 64
366 330
366 148
366 49
366 148
366 924
366 529
366 290
366 629
366 27
366 98
366 87
366 52
366 165
366 27
366 38
366 344
366 152
366 330
366 605
366 77
366 48
366 320
366 10
366 330
366 29
366 98
366 114
366 464
366 372
366 617
366 4
366 464
366 279
366 464
366 72
366 86
366 43
366 53
366 395
366 7
366 52
366 26
366 152
366 819
366 523
366 248
366 11
366 27
366 168
366 235
366 61
366 252
366 64
366 57
366 6
366 629
366 279
366 86
366 475
366 195
366 235
366 10
366 235
366 31
366 29
366 819
366 464
366 395
366 50
366 82
366 94
366 42
366 61
366 37
366 49
366 94
366 290
366 94
366 53
366 261
366 148
366 29
366 50
366 605
366 87
366 159
366 605
366 174
366 386
366 97
366 26
366 386
366 681
366 344
366 13
366 218
366 23
366 475
366 165
366 23
366 464
366 341
366 42
366 148
366 248
366 112
366 185
366 617
366 23
366 148
366 50
366 37
366 114
366 330
366 22
366 330
366 17
366 82
366 72
366 43
366 172
366 42
366 116
366 45
366 330
366 290
366 309
366 465
366 148
366 23
366 41
366 7
366 49
366 80
366 243
366 57
366 330
366 290
366 243
366 53
366 180
366 170
366 42
366 365
366 26
366 1
366 386
366 243
366 341
366 64
366 617
366 61
366 475
366 86
366 82
366 98
366 60
366 44
366 263
366 529
366 475
366 148
366 261
366 523
366 319
366 87
366 21
366 605
366 465
366 290
366 309
366 523
366 170
366 235
366 77
366 95
366 365
366 7
366 523
366 168
366 681
366 243
366 86
366 298
366 87
366 168
366 185
366 475
366 41
366 180
366 365
366 64
366 114
366 106
366 50
366 37
366 224
366 386
366 1
366 264
366 263
366 330
366 281
366 70
366 658
366 70
366 523
366 7
366 116
366 11
366 29
366 195
366 49
366 263
366 98
366 605
366 529
366 38
366 319
366 94
366 416
366 597
366 61
366 77
366 195
366 235
366 617
366 98
366 281
366 49
366 395
366 261
366 43
366 195
366 290
366 98
366 52
366 26
366 372
366 263
366 49
366 29
366 681
366 43
366 6
366 86
366 386
366 298
366 97
366 924
366 11
366 38
366 82
366 11
366 43
366 298
366 386
366 11
366 172
366 386
366 309
366 252
366 80
366 28
366 629
366 52
366 290
366 218
366 44
366 165
366 70
366 320
366 298
366 386
366 6
366 386
366 344
366 152
366 13
366 523
366 29
366 597
366 97
366 224
366 97
366 97
366 148
366 77
366 116
366 290
366 28
366 53
366 6
366 7
366 23
366 320
366 420
366 252
366 298
6458 608
49505 435
973758 362
237499 277
483162 411
593746 807
854629 78
625286 277
549807 990
529764 78
516259 419
55308 158
2455 838
249286 28
748676 578
957401 948
958166 156
309834 569
3377 419
305032 50
40804 717
829010 824
922997 267
318729 435
479976 102
677186 426
22992 700
639451 221
557982 424
627839 617
274959 37
246570 571
538315 309
960591 158
21746 603
718921 832
56276 466
430153 309
74145 660
427402 487
487379 912
166527 662
731523 761
668764 237
896603 306
148944 487
602631 693
768782 161
518743 815
267944 72
981023 466
314260 844
352249 127
364121 917
381651 44
167056 665
310008 44
556471 593
352461 541
229106 430
520519 571
479995 701
877478 28
573619 769
609951 72
845791 944
335515 807
880836 571
980779 849
261038 5
212537 849
795557 235
970276 424
481223 411
327895 535
519397 950
898699 368
966072 798
141302 883
682646 856
95520 856
273267 701
460998 672
644996 969
961991 815
458956 697
820706 803
837923 74
170871 635
358582 499
770865 700
318183 687
239253 912
311241 280
42446 897
616493 2
158948 990
253904 152
675054 450
420661 948
813006 102
332995 162
502968 102
573829 815
386267 640
237391 894
157521 873
105130 660
939881 362
442640 898
392430 496
105228 309
667775 548
756894 884
263532 553
521955 158
134329 119
515385 917
285703 665
617858 466
253409 608
702695 514
906896 583
7820 897
963450 391
918528 832
132351 647
30224 198
170767 941
377119 704
660957 424
250010 278
157519 44
61058 362
848810 141
573188 44
131686 49
470759 561
568051 566
978741 152
993185 53
400272 592
585259 136
90131 625
901576 514
409309 807
696278 221
435871 838
475246 558
868467 539
47684 985
697014 717
159797 151
182246 897
215530 779
307549 380
710105 553
392789 227
864968 514
760859 37
984308 489
495968 156
89411 564
210317 617
390426 205
105099 672
915031 911
40667 82
864798 665
417225 940
100147 846
916011 573
664888 152
286398 323
985661 779
806651 74
88485 72
395553 306
400710 2
551637 330
995412 898
164664 358
976237 940
479743 252
840166 267
61266 706
208451 191
361470 191
559018 941
379735 270
204364 564
946507 30
781166 252
152498 532
122746 965
541213 563
128521 252
577726 161
294524 563
403249 461
324782 844
171212 28
514455 365
97976 151
175316 426
883749 198
32300 158
559662 856
36024 592
715890 944
984431 702
518691 277
720587 793
676281 487
717548 237
117117 807
531781 969
155722 424
849567 484
680951 940
809732 484
668428 400
116877 940
273976 237
287791 717
605163 969
483302 152
137539 524
163120 849
199616 247
313349 676
56870 666
981577 948
793602 697
958635 174
825436 844
260173 249
754690 184
211107 761
696614 761
237399 419
369131 2
426499 571
26451 157
674789 310
988657 824
921091 676
520790 807
364731 748
186971 151
699878 838
392244 5
776374 127
182557 487
799240 581
419832 466
580840 400
834454 909
995676 909
273515 838
410383 205
413828 78
690068 700
245566 666
592687 728
449669 592
863040 954
751788 37
809090 954
23163 204
369223 969
576501 548
846558 665
864084 539
695284 249
51547 640
761438 748
586537 131
289917 625
891425 183
640405 798
373062 748
622097 267
168382 341
865809 341
906158 450
770223 162
338495 359
294058 78
891600 948
518776 426
974088 969
802224 951
359230 228
372535 898
69642 635
831520 535
49770 608
533084 862
893498 2
449669 49
449656 152
990494 429
44890 700
744994 184
876631 33
245034 940
575500 823
675662 640
52983 558
873637 198
970793 635
879809 362
290331 362
209986 539
422854 856
867266 987
306614 28
958260 193
352473 252
256079 384
968417 897
194033 330
887419 803
373486 174
832469 151
467184 954
167863 161
742373 438
912065 277
966449 990
648292 384
45915 158
504396 969
996351 49
860878 665
516330 365
449154 131
946530 535
246025 965
542672 940
920762 484
40218 846
294960 157
132054 74
914601 793
414933 647
356378 72
337476 267
87402 894
623334 860
117569 933
504095 933
574420 548
381276 783
481099 136
560333 145
96023 127
33955 216
532160 37
911056 883
728987 635
666746 838
567146 553
856239 884
255352 660
859822 772
759157 844
706231 29
204799 965
724301 701
294131 846
826165 50
177965 156
992842 204
242895 808
104767 570
671684 532
619291 807
199571 803
686379 635
782586 280
244242 824
787581 911
26918 803
799974 779
173963 808
690220 564
755314 676
727125 957
747406 227
78543 282
536530 849
134062 856
694188 571
997027 749
255582 969
736759 838
36402 435
767787 419
948733 779
704215 216
402639 832
237866 844
386276 950
641751 832
389140 748
373045 687
651399 783
660086 373
738692 296
715086 183
23102 406
658834 748
122974 424
788649 894
872773 524
282107 49
103612 703
426052 162
217355 297
791467 717
350655 665
740235 306
987980 849
147272 33
72841 912
36379 496
496042 969
964627 566
459287 191
812102 578
215808 184
456072 29
803110 665
154810 131
268880 424
74318 514
529751 717
258385 430
612105 484
655387 573
920122 183
326226 625
646963 860
207010 775
438545 102
649947 647
511645 198
94248 161
653698 5
517876 484
429502 151
955838 808
427504 309
57435 359
22467 838
615494 987
724002 911
963998 297
639800 152
571239 640
784526 33
191491 911
433894 706
402880 563
560492 793
799190 5
233330 177
283664 28
285048 496
608479 924
411975 466
634683 219
581159 625
790347 666
863447 563
90843 453
808659 2
618321 944
545430 309
384836 687
49883 824
698871 2
957109 944
200251 131
174959 748
635078 593
389618 365
995812 419
93562 82
516299 419
607597 923
240719 280
158376 131
517255 793
131228 514
735832 553
221987 951
423008 72
886338 368
533708 748
348336 487
691657 793
199258 883
381131 911
260932 141
199423 36
21538 514
901834 819
419236 435
811531 205
206113 558
280108 815
222672 424
456157 400
347579 883
14322 815
151102 174
803976 844
384731 793
363826 247
707279 844
817805 161
915053 769
101196 430
139773 912
174570 647
682286 36
332037 701
788527 152
387689 78
910626 617
312732 229
279300 897
896167 883
700916 247
796405 920
457064 583
33205 769
222093 152
574438 917
532862 424
174431 221
25068 666
633171 229
778395 430
289105 419
269911 920
884382 846
546046 701
774170 44
417834 803
608248 358
872221 697
718492 466
938931 424
675712 102
87706 161
379421 779
747785 592
632441 941
952383 158
989961 761
527883 158
706926 697
188177 216
988646 824
992190 74
689693 2
825504 102
559458 660
684979 514
861741 666
906806 844
988074 424
866337 815
256146 157
881519 204
689044 161
784686 344
343109 424
468156 950
971560 174
20019 235
34902 569
160274 219
571630 793
564386 717
869822 807
721491 920
546401 161
2788 944
261054 665
32705 761
484058 846
59267 566
845697 700
504742 362
593972 912
886796 536
83199 730
976481 558
78201 700
569262 592
50683 156
748443 735
837037 191
896099 941
544245 237
509311 548
991223 578
994520 558
455926 450
756381 593
80090 156
135300 233
755915 665
88289 435
553129 676
447271 453
19124 193
694314 496
406752 33
317864 745
391814 183
750547 965
446533 536
197745 987
918708 362
865839 954
678846 235
68760 205
881329 697
878254 102
918282 954
993351 898
279269 583
407619 793
951225 461
457300 933
47481 466
133292 693
597076 666
795945 665
939500 593
985764 560
216585 161
418689 384
845801 662
540423 13
792143 174
781877 33
178296 435
857324 672
611893 131
966439 409
330862 406
180850 941
876769 249
389033 453
48685 450
746423 156
938284 151
70923 532
85280 359
99513 221
974782 807
751457 496
253984 701
96176 911
236442 948
814851 198
944349 221
954813 102
888857 793
86142 184
393149 247
585089 229
101408 679
294612 162
97710 72
545802 221
527869 496
703036 450
434268 965
915224 824
123218 548
845575 487
993093 229
60594 72
909588 50
848755 373
400889 267
198231 297
191507 635
425947 779
985716 920
60399 373
902350 148
219147 221
859632 702
833289 583
900874 435
296809 430
630859 430
507113 593
511717 617
628458 37
658403 560
211047 419
508867 808
109095 573
957311 548
893921 127
279818 697
448700 183
33635 697
347646 249
841692 849
628120 608
984846 198
158456 951
440310 573
571377 608
376390 183
643495 196
575619 430
355803 430
933514 539
338080 269
257747 838
721268 74
703477 72
840203 969
532959 672
631564 560
831103 184
894742 912
56235 25
696909 779
701652 296
412798 700
893468 424
10842 937
159416 37
342281 365
309462 672
565643 435
510971 141
659368 247
252655 697
455306 570
992986 730
680100 252
609048 5
775846 152
920053 662
159912 247
735828 828
692769 807
981683 909
887732 127
365449 524
880204 803
862119 566
971939 102
291963 419
324024 769
957008 158
358781 603
52962 174
845897 558
717537 920
372970 748
704043 583
828914 220
851881 564
936423 365
148506 660
211716 252
148670 76
377144 779
475478 846
252060 524
475845 608
103195 940
250451 373
72389 183
474499 578
213353 72
305050 940
243089 569
258314 466
203203 249
629383 948
510916 730
419553 745
359280 415
143621 5
488641 183
58430 524
582662 862
635645 141
881983 267
363110 679
284528 391
986608 270
582769 940
9095 297
623859 957
922418 177
871067 435
864205 277
475617 883
473036 195
138569 625
207689 205
773997 484
914681 409
954849 957
859558 578
68193 297
413513 636
763159 559
347775 183
647717 940
737144 566
573053 957
352764 660
157351 824
184361 705
307103 174
326625 558
814213 323
887584 445
396713 573
402606 419
950829 296
554158 578
140528 267
961416 102
900748 846
33389 119
959364 941
760811 783
893480 484
762605 220
172067 33
376944 660
562642 846
688473 74
828764 2
825933 815
282744 193
95915 141
113912 44
190296 807
621171 37
962265 650
810439 430
53163 196
477837 156
14227 548
566576 583
772976 36
125235 435
99983 617
751685 306
960478 400
727582 145
696792 76
405926 951
187118 220
838886 917
217139 912
321057 803
645400 184
799392 450
198797 769
183630 553
142940 221
996422 803
788560 74
346009 514
541957 941
185041 306
808747 793
192869 450
201288 748
932767 553
968628 558
381816 940
731088 297
852541 617
415450 358
109012 461
174317 849
828850 676
76193 345
346325 247
135806 183
987065 309
213351 162
609708 717
549584 676
120050 391
291830 524
948828 558
499621 384
891143 5
372632 461
596842 640
721760 424
163036 948
33901 102
73551 330
150257 221
490813 702
427783 849
100761 625
955257 205
896833 965
214393 593
778454 571
426688 617
968012 665
22508 911
183129 761
931351 183
693459 496
538517 341
126142 252
85072 693
523006 53
957352 846
90572 30
621056 779
335066 640
28177 141
420695 838
649320 779
277865 466
654458 535
908092 583
224563 37
933735 514
125333 823
642154 391
793593 277
43158 745
684650 193
580670 583
900141 941
650329 730
780283 430
158368 647
562427 487
267909 883
542931 514
904253 647
682401 127
388672 838
696767 306
 430
63741 953
960559 807
431951 433
4922 92
643532 630
205279 870
880387 961
604847 131
7064 164
375020 63
83542 679
3690 33
457586 571
151741 648
47534 149
841383 506
465889 815
856548 978
248403 656
569054 812
286744 250
291455 870
589477 370
27641 727
715286 20
801001 737
19155 657
932613 988
326573 863
715430 783
268068 449
185934 727
