010000000022000000202202200000022000002220222222202222222220222222222222222220022222012220002222202220102220222222222120222221222222202002002220020220221222222020022222222222222222020222202022020222222202222222202222200002011022202000000202222222222002201201210000201120
000000000022000000202202200000022000002220222222202222222220222222222222222220022222002220002222202220002220122222222020222220222222202002002220020220220222222020022222222222222222020222202022020222222202212222202222200002011011102000000202222222222002001101011000000110
010000000022000000202202201000122100002220222222202222222220222222222222222220022222012220002222202220102220222222222120222221222222212102002222020220222222222020022222222222222222020222202022022222222202222222202222200002011122202000000202222222222102201101111000201110
000000010022000000202202212000222200022220222222202222222222222222222222222220022222002220002222202221002220222222222020222220222222222202002220020220221222222020022222222222222222020222202022020222222202212222202222200002022122202000000202222222222111001102122000102200
101111101112000000201202200001022000002220222222202222222220222222222222222220022222002220002222202220002220121222222020222220222222212112002220020220221222222020022222222222222222020222202022020222222202212222202222210001011022202000000202222222222102101100011000000110
111111111111110111111111200100011000002220222222202222222220222222222222222220022222012220002222202220102221121222222120222221222222212112102211020220220222222020022222222222222222020222202022021222222202212222202222100001011011101100000202222222222111101102111000202210
010000010022000000201202211020122100012220222222202222222220222222222222222220022222002220002222202220102220222222222020222221222222222202002221020220220222222020022222222222222222020222202022021222222202222222212222200002011222202100010202222222222202201101111100111110
010000010022001000202202212000222200022220222222202222222221222222222222222220022222012220002222202221102220222222222120222220222222222102002220020220221222222020022222222222222222021222202022021222222202222222212222200002011022202000000202222222222011101011111000101100
101111101111110110111111100100011010001110111112102211222220221222222222222120022111001210001211101210002211111111111010221120111121101001001110110110221222221020122222222222222222120222202022121222222212212222202222100112011011102010000111211111111011101101111000001110
000000010022000001202202202000222200022220222222202222222220222222222222222220122222012220012222202220102220122222222120222221222222222202002220020220220222222020022222222222222222020222212022020222222202212222202222200002011022202000000202222222222211201101111000201110
101111101112001000202202201000122100012220222222202222222220222222222222222220022222002220002222202220002220122222222020222220222222212102002220020220220222221010011111111111111111010111101011010111111201101112101111200001011011101000000202122222222120000002022000102200
101111101112001000202202210000022100012221222222202222222221222222222222222220022222002220002222202221002220122222222020222220222222202002002220020220221222212010011111111111111111011111101111011111111201111112111111110111122111111000000202122222222011101111122000001100
000000010022000000201202201000122100012220222222202222222220222222222222222220022222002220002222202220002220022222222020222220222222202002002120020220220222221020022222222222222222020222202022020222222202202222202222200000011011102000000202222222222002102200011000100020
000000000022000000202202200000022000002220222222202222222220222222222222222220022222002220002222202220002220122222222020222220222222202002002220020220221222222020022222222222222222020222202022020222222202202222202222200000022011101000000202222222222011000002022000002200
010000010012000000201202201010122100012220222222202222222220222222222222222220022222012220002222202220102220122222222120222221222222212102002120020220220222221020022222222222222222020222202022020222222202212222202222200001022011102100000202222222222102101100111000100010
101111000022000000202202200000022000002220222222202222222220222222222222222220022222002220002222202220002220222222222020222220222222212102012220020220220222222020022222222222222222020222202022020222222202222222202222200002022022202000000202222222222112201101111100101110
000000010022000000202202211000122200012220222222202222222220222222222222222220022222002220002222202220002220021222222020222220222222212002002220021220220222222020022222222222222222020222202022020222222202202221202222211000022111102000000202222222222002000002022011002201
101111100022110110201202200100022000002220222222202222222220222222222222222220022222002220002222202220002220122222222020222220222222212112002220020220220222222020022222222222222222020222202022020222222202212222202222200001022022202000010202222222222111101102011000102210
010000000022000000202202211000222100012220222222202222222220222222222222222220022222002220002222202220002220122222222020222220222222212102002220020220220222222020022222222222222222021222202022020222222202212222202222200002022022202000000202222222222111100002022000002200
101111101022000000202202201000122100012220222222202222222220222222222222222220022222012220002222202220102220222222222120222221222222212102102220020220221222222020022222222222222222020222202022020222222202222222202222200002011022202000000202222222222111101101111000102110
000000020022000000201202211000122100012221222222202222222220222222222222222220122222002220002222202221002220222222222020222221222222222102002120020220221222222020022222222222222222020222202022020222222202212222202222200001000122202000000202222222222102200011022000001100
101111100022000000202202200000022000002220222222202222222220222222222222222220022222012220002222202220102220222222222120222221222222202002002220020220220222222020022222222222222222020222202022020222222202222222202222200002000022202000000202222222222011101101211000101110
000000011111110110010111100100000000102210222211111122111110111111111111111111011111101111101111111110012211112111111011221120111121101001001210110110220222220020122222222222222222120222202022120222222112202222202222100112011011102010000111211111111111200002022010002200
000000110022001000202202200000022000002220222222202222222220222222222222222220022222002220002222202220002220222222222020222220222222202002002120020220221222222020022222222222222222020222202022020222222202222222202222200001011022202000000202222222222002100001011000001100
010000000022001001202202201000122100012220222222202222222220222222222222222220022222002220002222202220102220222222222020222221222222212102012220020220222222222020022222222222222222020222202022022222222202222222222222200002000022202000000202222222222102201101211000201110
010000010022000000201202212020222200022220222222202222222220222222222222222220022222012220002222202220102220122222222120222220222222222202012120020220221222221020022222222222222222021222202022021222222202212222202222200002011122202000010202222222222202202200100000100020
101111111111110110201102201100122100012220222222202222222220222222222222222220022222002220002222202220002220021222222020222220222222222202002220020220220222222020122222222222222222120222202022120222222112202222202222100001022011102010000111211111111220001102011000102210
000000200121110110111111200100011000002220222222202222222220222222222222222220022222002220002222202220002220121222222020222220222222202012002220020220220222221020022222222222222222020222202022020222222202222222202222210001000011102000000202222222222002202201100000101120
000000000022000001202202201000122100012220222222202222222220222222222222222220022222002220002222202220002220122222222020222221222222212102002220020220220222222020022222222222222222020222202022020222222202222222202222200002000022202000000202222222222202202202100000202120
000000110022000000202202200000122100002220222222202222222220222222222222222220022222002220002222202220002220222222222020222220222222212102102220020220221222222020022222222222222222020222202022020222222202212222202222200002011011102000000202222222222002202102011010002210
000000010022000001202202201000122100012220222222202222222220222222222222222220022222002220002222202220001120021222222020112211222212202002002220020220110111111020022222222222222212020222202022020222222202202222202222200001000000011000000202222222222002001100022000000000
111111011121110111201102201100122100012220222222202222222220222222222222222220122222012220002222202220102220122222222120222221222222222202102220020220221222222020022222222222222222020222202022021222222202212222212222200002022122202000000202222222222211101101111000101110
000000010022000000202202201000122100012220222222202222222220222222222222222220022222002220002222202220001120021222222020122211222212212102002220020220221222222010011111111111111111010111101011010111111201101112101111220000000022211000000202122222222102000001022000002100
020000000022001001202202200000022000002220222222202222222220222222222222222220022222022220002222202220202220222222222220222221222222202002002220020220222222222020022222222222222222020222202022021222222202222222212222200002011022202000000202222222222011202101211000201110
000000100021110000112111200100011000002220222222202122222220222222222222222220022222002220002222202220001120121222222020112210222212202002002220020221110111111111011111111111111111010111101111010111111201111112101111210001100000011000000202122222222002101101111000101110
111111111111110111112111101110111111111111111111111111111110111111111111111111011111111111101111111110111111111111111111111111111111111111001110110110111111111010011111111111111111010111101111010111111201111112101111200111000111111000000202122222222111101102111001102110
000000020022000000202202212000222200022220222222202222222221222222222222222220022222002220002222202220002220022222222020222220222222222202002020021221220222221121022222222222222222020222202022020222222202202221202222201001011211101001101202222222222002110000022000000001
000000010022000000202202211000122100012220222222202222222220222222222222222220022222002220002222202221002220221222222020222220222222212112002120020220221222222020022222222222222222020222202022020222222202222222202222200002011122202000010202222222222102202101111000201110
000000000022000000201202200000022000002220222222202222222220222222222222222220022222002220002222202220002220222222222020222220222222202002002120020220221222221020022222222222222222020222202022020222222202212222202222200111011011102000000202222222222002102200011010001020
000000010022001000202202202000222200022220222222202222222220222222222222222220022222002220002222202220002220222222222020222220222222212002002220020220220222222020022222222222222222020222202022020222222202222222202222200002000022201000000202222222222002001000122000100000
101111000022000000201202200000022000002220222222202222222220222222222222222220022222002220002222202220001121022222222020112210222212212102002210120220110111111010011111111111111111010111101111010111111201101112101111200111122011111000000202122222222111102200000000201020
202222101112000000201202200000022000002220222222202222222220222222222222222220022222002220002222202221002220022222222020222220222222212102002221020220220222221020022222222222222222020222202022021222222202202222202222200001022022202000000202222222222111101101011000101110
000000010022000000202202201000122100012220222222202222222220222222222222222220022222002220002222202220002220222222222020222220222222212102002220020220220222222020022222222222222222020222202022020222222202222222202222200002011122201000000202222222222102101101111000101110
101111101111110110111111100100011010112210222211111122111110111111111111111111011111101111101111111110012210011111111011221121111121101011001210011110220222222020022222222222222222020222202022020222222202202222202222210001111022202000000202222222222120102101100000111110
000000010022000000202202201000122100012220222222202222222220222222222222222220022222002220002222202220102220222222222020222220222222212102102220020220221222222020022222222222222222020222202022021222222202222222212222200002022011102000010202222222222102102201210100201120
000000000022000000202202210000022000002221222222202222222221222222222222222220022222002220002222202221002220222222222020222221222222212102002120020221221222212111011111111111111111011111101111011111111201121111111111211001100111112001101202122222222111000011122000101100
101111110122000000202202201000122100012220222222202222222220222222222222222220022222002220002222202220002220022222222020222220222222202002002120020220220222221010011111111111111111010111101111010111111201101112101111200001000011111000000202122222222011101101111000101110
000000000022000000201202201000122100012220222222202222222220222222222222222220022222002220002222202220002220022222222020222221222222222202002220020220220222222020022222222222222222021222202022020222222202202222202222200002022122202000000202222222222111102101111000101110
000000000022000000202202201000122100012220222222202222222220222222222222222220022222002220002222202220102220222222222020222220222222212002102220020220222222222020022222222222222222020222202022021222222202222222212222200002000122202000010202222222222102202200200100200020
000000000022000000202202201000122200012220222222202222222221222222222222222220022222012220002222202220002220222222222120222221222222212102002221020220221222222020022222222222222222020222202022021222222202222222202222200002011122202000000202222222222111202102111000202210
000000100022000000201202200000022001002220222222202222222220222222222222222220022222002220002222202220002220022222222020222220222222202002002220020220220222222020022222222222222222020222202022020222222202202222202222200001011022202000000202222222222002200002022000002200
010000000022000000202202200000022000002220222222202222222220222222222222222220022222022220002222202220202220222222222220222220222222202002002220020220220222222020022222222222222222020222202022020222222202222222202222200002000022202000000202222222222002202200200000100020
000000000022000000202202211000122100012220222222202222222220222222222222222220022222002220002222202220002220122222222020212220222222212102002220020220121222211010011111111111111111010111101111010111111201111112101111200111022011111000000202122222222011100001122001002100
101111111112110110200202200110022000002220222222202222222220222222222222222220022222002220002222202220002220122222222020222220222222202002002120020220220222221020022222222222222222020222202022020222222202212222202222200002011022202000000202222222222011101101011000001110
000000000021110110110111100100011000001120111121101111111110112111111111111210011222002120002122202120002221021222222020222220222222202102001210110110220222221020022222222222222222020222202022020222222202202222202222200002011011102000000202222222222111102201100101201120
101111201111000000201202100000022010101110111111111111111110111111111111111111011111101111101111111110011110111111111011111110111111101011001210110110110111111010111111111111111111110111101111110111111111111112101111100111022011111010000111111111111011000000022000001001
202222222201110110111111201110111100012220222222202222222220222222222222222220022222002220002222202220001121020222222020112210222212202012001110010110000000020020022222222222222222020222202022020222222202202222202222200001000011101001101202222222222202111101011000011110
000000101111110110111111100100011000101110111111111111111110111111111111111111011111101111101111111110011110111111111011111110111111101001002210020220111111111010011111111111111111010111101111010111111101111112101111100111022011111000000101111111111011100002122001101200
000000020022000001201202202010222200022220222222202222222220222222222222222220022222002220002222202220002220022222222020222221222222222202002220020220220222222020022222222222222222020222202022020222222202212222202222200002011222202000000202222222222202202200100000100020
000000110112000000201202201010122100012220222222202222222220222222222222222220022222002220002222202220002220121222222020222220222222212102012120020220220222221020022222222222222222020222202022020222222202212222202222200001022111101000000202222222222011102200100000200020
000000010022000000202202201000222200012220222222202222222220222222222222222220022222012220002222202220102220122222222120222220222222212102002220020220220222222020022222222222222222020222202022020222222202212222202222200002011022202000000202222222222102001101122010101100
101111111111000000111111222000211200022220222222202222222221222222222222222220022222002220002222202222002220122222222020222220222222222202002221020220221222211010011111111111111111011111101111010111111201111112101111210001022111111000000202122222222211100012022000002200
111111101111110110111111100100011000001110111111101111111110111111111111111110011111011110101111101110101110111111111110111110111111101011002221020220111111111010011111111111111111010111101111011111111201111112101111210111100111111000000202122222222002101000111000100010
000000010022000000202202201000122100012221222222202222222220222222222222222220022222002220002222202220002220122222222020222220222222212102012120020220220222222020022222222222222222020222202022020222222202212222202222200002011222202000010202222222222102101101111100101110
101111201111110110111111200100011000002220222222202222222220222222222222222220022222002220002222202220002221122222222020222220222222202002001220110110220222220020022222222222222222020222202022020222222202202222202222200001022011102000000202222222222002101101011000101210
101111111111110110111111201100111100012220222222202222222220222222222222222220022222002220002222202220002220021222222020222220222222202002002120021220111111110010011111111111111111010111101111010111111201101112101111200000111000010000000202122222222002010002022000002201
000000000022110110201102200100022000002221222222202222222220222222222222222220022222002220002222202220002220121222222020222220222222202012002220020220220222222020022222222222222222020222202022020222222202202222202222200002000022202000000202222222222111101100111100100110
101111101112001000201202200000122000002220222222202222222220222222222222222220022222002220002222202220002220122222222020222220222222202002102220022220211111121010011111111111111111010111101111010111111201111112111111200001022011111000000202122222222002101101111000101111
000000000022000001201202200010022000002220222222202222222220222222222222222220122222012220012222202220002220122222222120222221222222202002002220020220221222222020022222222222222222020222212022021222222202212222202222200002000122202100000202222222222111202200100010210020
101111111022000000201202201000122101012220222222202222222220222222222222222220022222012220002222202220002220122222222120222220222222212112002220020220220222222020022222222222222222020222202022020222222202212222202222200001022022202000000202222222222111202201111010102120
000000000022000000202202200000022000002220222222202222222220222222222222222220022222002220002222202220001120222222222020112210222212202002002220021220110111112010011111111111111111010111101111010111111201121111101111211000122000012001101202122222222002101101111000101111
000000000022000000201202200000022000002220222222202222222220222222222222222220022222012220002222202220102220122222222120222220222222212002002120020220220222221020022222222222222222020222202022020222222202212222202222200002011022202000000202222222222102201100011000000010
000000010022000000200202201011122100012221222222202222222220222222222222222220022222002220002222202220002220022222222020222220222222212202002220020220220222221020022222222222222222020222202022020222222202202222202222200002022122202100000202222222222202201101111000101110
010000010021110110111111201100111100012220222222202222222220222222222222222220022222012220002222202220102220121222222120222221222222212112002221020220221222222020022222222222222222020222202022021222222202212222202222200001022111102000000202222222222002200002122000102200
202222202200220220020020100200000010101110111111111111111110111111111111111111011111101111101111111110011111011111111011111110111111101011001210110110110111111010111111111111111111110111101111110111111111101112101111100110022011111010000111111111111020000002022000002200
101111101111110110111111100100011011101110111111111111111110111111111111111111011111101111101111111110011111111111111011111110111111101011011210110110111111111010211111111111111111210111101111210111111021111112101111010111122011111020010020100000000011101102111100102210
000000020022000000201202202000222200022220222222202222222220222222222222222220022222002220002222202220002220022222222020222220222222222202002120020220220222221020022222222222222222020222202022020222222202202222202222200002011222202000000202222222222211101101011000011110
101111111112000001202202201000122100012221222222202222222220222222222222222220122222002220012222202220002220222222222020222221222222212102002220020220220222222020022222222222222222020222212022020222222202222222202222200001000111101000000202222222222102101102111000102210
202222122222000001200202201010122100012220222222202222222220222222222222222220122222002220012222202220002220022222222020222221222222212102002220020220220222220020022222222222222222020222212022020222222202202222202222200001022000002000000202222222222220100002022010002210
101111101111110110111111100100011010101110111112212211222220221222222222222121022111101211101211111210012211111111111011221120111121101001001211110110220222222020022222222222222222020222202022020222222202212222202222200001011000001000000202222222222111001102011000102210
101111110022000000201202201000122100012220222222202222222220222222222222222220022222012220002222202220102220021222222120222221222222212002002120020220220222221020022222222222222222020222202022020222222202212222212222200001000011101000000202222222222102012200000000100021
000000202201110110111111200100011010002220222222202222222220222222222222222220022222002220102222202220002221022222222020222220222222202002002220020220220222222020022222222222222222020222202022020222222202202222202222200001022022202000000202222222222220200002022000002200
010000010022000000202202201000122100012220222222202222222220222222222222222220022222012220002222202220102220222222222120222220222222202002002120021220221222222020022222222222222222020222202022020222222202222222202222200001011222202000000202222222222002212200200000100020
101111001012000000202202200011122100002220222222202222222220222222222222222220022222002220002222202220102220222222222020222220222222212102002220020220221222222020022222222222222222021222202022020222222202222222202222200002000122202100000202222222222202202210200000200020
000000010022000000202202201000222200012221222222202222222220222222222222222220022222002220002222202220002220222222222020222220222222222102002120020220220222222020022222222222222222020222202022020222222202222222202222200002011222202000000202222222222202201101011010001110
000000010022000000201202201000122100012221222222202222222220222222222222222220022222002220002222202220002220122222222020222220222222212102102221020220221222221020022222222222222222020222202022020222222202212222202222200001022022202000000202222222222102200002022001002200
000000000022000000200202200000022010002220222222202222222220222222222222222220022222002220002222202220002220120222222020222220222222202012012120021220220222220020122222222222222222120222202022120222222112202222202222100111022000002010010111211111111011102200200100200020
101111101111000000102201200000011000002220222222202222222220222222222222222220022222002220002222202220002220121222222020222220222222202002002220020220220222222020022222222222222222020222202022021222222202212222212222200002000122201000000202222222222102101101111000111110
000000020022002000202202202000222200022220222222202222222220222222222222222220022222002220002222202220002220121222222020222221222222212102102221021220221222221020022222222222222222020222202022021222222202212222212222200002011011102000000202222222222111100001022010001100
010000010022001001202202201000122100012220222222202222222220222222222222222220122222012220012222202220102220122222222120222221222222212102112220020220222222222020022222222222222222020222212022021222222202222222212222200002000022202000010202222222222102212200200100200020
101111101111110110110111200100011011002221222222202222222220222222222222222220022111001210001212101210002210112111111010222120111221102001002220020220220222222020022222222222222222020222202022020222222202202222202222200002011022202000000202222222222111101101011000102210
010000000022000000202202201000122100012220222222202222222220222222222222222220122222002220012222202220002220122222222020222220222222212102002220020220221222222020022222222222222222020222212022020222222202212222202222200002022022202000010202222222222102202200200100100020
000000010022000000202202201000122100012220222222202222222220222222222222222220022222002220002222202220001120122222222020122210222212202002002120020220220222221020022222222222222222020222202022020222222202212222202222200000000011100000000202222222222002010100011000000001
202222202211220220110111200100011001002220222221101222111110112111111111111210011222002120002122202120002220120222222020222220222222202022002210020220220222221020022222222222222222020222202022020222222202212222202222200002011011102000000202222222222102201200000000000020
202222202201110110111111100100011010101110111111111111111110111111111111111111011111101111101111111110011111111111111011111110111111101011001210110110110111121020022222222222222222020222202022020222222202212222202222200000011011101000000202222222222111001100111000110010
101111111111110110111111101100111110101110111111111111111110111111111111111111011111101111101111111110011111010111111011111110111111111101001210110110110111111010111111111111111111110111101111110111111111101112101111110111122011111010000111111111111111101101011000001110
010000000022001000202202210000022000002220222222202222222221222222222222222220022222012220002222202221102220222222222120222220222222212002002220020220222222222020022222222222222222021222202022021222222202222222202222200111000022202000010202222222222102001111111100101110
000000110022000001202202201000122100012220222222202222222220222222222222222220122222002220012222202220002220122222222020222221222222212102002220020220220222222020022222222222222222020222212022020222222202212222202222200002000122202000000202222222222102200001022000001100
000000000022001000202202201000222100012220222222202222222220222222222222222220022222002220002222202220002220122222222020222220222222202002002220020221220222222121022222222222222222020222202022020222222202222221202222201001000022202000000202222222222102102210100000100021
010000100022000000202202200000022000002220222222202222222220222222222222222220022222012220002222202220102220222222222120222220222222202002002220020220221222222020022222222222222222020222202022020222222202212222202222200001011011102000000202222222222002101001122000101100
