111102101111111000110121101110111211010110111112001201010011101100111001100110100000001000000000010000010201000000100000010001010100100000011010001000001120000010011200101111200001000110000000100000100001100100110000000111111101011101010000011011011110010000011201110000101111101000011010101100010120000102222101101001111101111110011110011121101111111110210010111100110110111111110111111100110111000001100111101001110111111120012010120
000002000000000000100020000101010210000000010112000000000000000120000201002000102020000202220002000022200201002022000000000000200122002000000200021002000022000010200200100110200220210100011000002000002010020100102100000222221200010202010000021122012021020000010000011000100000000000010020100110000220000000000001100002200000210020000010011000000210021000210021000100100010012010200000002200100200001000000020202000000000000000001100000
110001101111111001110111101111111211010110111111001001010011001110011101101010101010001101110001010011110101001011100000010001110111101010011110011001001011000110101100100110100110110100011000001000001010010100101100000111111100010101010000011111011011010000010101011010101101101000011010101110010120000001111101101001111101110110001110011110100110111010210011111100110010111011110111111100110110001010000111101001110011101010001111001
110012111111111110111121111111111211111111111112001101110011011120011201102010102020001202220002010122210211002122100001010001210122102000011210121102101022000010201200110110200220211100011011002010012010021110102100110212221200010102111100021112012021020111110101011000101101101000011010201220010120000001000112201001111111110110001120012110110110111010220011111200211021112011110111111100210100000010000111101001111011101010001110000
110012111111111110111121111110111211111111111112001111110011111120011201112011112121111212221112111122211211112122111111110111211122112101111211121002111022111011201200110110211220221100121111002110012120021111102211001222221210110212010010121122112022120000010101022101211101101000011020201220010220000001111102201002211101210121101120012110100210121010220022111201210020112012211111112211210200101000010121202001111011101021102210000
110012111111111110111121111111111211111111111112001101111011011120011201102010102020001202220002010122210211002122100001011001210122102100011210121102001022000010201200110110200220220100021011002000012010021110102200110222221200010202111101021122012022020111110111012000101101111110111121211221111221111011111112211112211101210120001120112110100210121011221121111200211021112012210111112200211200001010001121212101110011101010102210001
220011212222212110221212212221222122121221222221002102120122012210022102201020201010002101110001020111120112001111200001020002120211201100022120112101102011000020102100210220100110111200011011001011011010011210201100110111112100020101121100012211021011010111120202001010002202202000022010102110020120000002222211102001122212120210002210021220210120212020210011222100121011221021120222221100120100101000000212111102220022202020001121000
110002101111111000110121101110111211010110111112001101011011001120011211102010102020001202220002010022210201002022100000010001210122102000011210021002001022000010201200100110200220210100011000002000002010020100102100000121111100010201010000011121011011010000010101021000201101101000011020101110010220000001111101101002211101210120001110011110100210121010210021111100110010112011210111112210110200001010000121202001110011101020002110000
110002101111111000110121101110111211010110111112001001010011001110011101101010101010001101110001010011110201001011100000010001110111101010011110011001001021000010101200100110200110120100021000001000001020010100101200000121111100010201010000011121011012010000010201022000201101101000011020101110010220000001111101101002211101210120001111011110100210121010210021111100110010112011210111112200110210001000000121202001110011101010002110000
220001101221112001120212201121212212021220212111002102020122002110022101201010101010002101110001020011120101001011200000020002120111201000022120011001102011000110102100100110100110101100000010001010001000010100101000000111111100010101010000011111011010010000010101010010001101101000021010001010010120000001111100001001111111120110001100020110110120112010200010111010010000120020110111111100010100101010000111001001110011101010001011000
220001102222212000120212201122212212020220212111002002020122002110022101201010101010002101110001020011120101001011200000020002120111201000022120011101002011000010102100100110100110110100010000001000001010010100101100110111111100010101111100011111011011010111110101011010101101101000011010101110010120000001111111101001111101110110001110011110100110111010210011111100111011111011110111111100110100001010000111111101110011101010001111000
110010111111111110111111111112111211112111111111011201110211011110011101101010101010001101110001010111110111001111100001010001110111101100011110111001101011000010101100110110100110101100000021001010011000011110101000000000001000010000010000001000010000000011110101000010001101101000011000001000010020000001111110001000011111010100101100010110110010101010200000111010011000110010010111110000010000001010000111101001111011101010000011001
110001102110010001110111101110111211010110111111001001010111001100011001100010100010001101110001010011110101001011100000010001110111101000011110011011001011000110101100100110100110100100000000001000001000010100101000000010001000010100010000001110010000000000010201010010101101101000011010101100010120000002222101101001111101110110001110011120100110111010210010111100110010121020110111111100110100000000000111101001110011101010001011001
110001001111101000010111100011101201010110101001001101011111001010011110101000001010001101110001010011110100001011100000010001110011111100011110010101001011000000101100010000100110110000011000001000001010010000001100110111110100000101101101010111001011010111100010011010100000010110100111110111101121111010000011110111100000100010000010101000000100010001211111000100101011001001100000001100101100001000001010111100000000000010101101000
110000101111111001110101101111111211010110111110001001010011001100011001100010100000001000000000010000010001000000100000010001010100100000011010001000001000000010001000100110000000000100000000000000000000000100100000000111111100010101010000011111011010010000010101000010001101101000011010101110010120000001111101101001111101110110001110011110100110101010210011111100110010111010110111110100110100000000000111100001110011101010000011000
220002202221112000220222202220222222020220222222002102020022002210022102201020201010002101110001020011120202001011200000020002120211201000022120012001002021000020102200200220200110110200011000001000001010010200201100000121112100020201020000012121021011010000020202121000202212202000022020102110020220000002222201102002222202220220002210021220200220222020210021222100120010221021220222222200120200101000000222202002220022202020002120000
111101101111111000110111101110111211010110111111101101011011001110111111101110101010001101110001010011110101001011100000010001110111101110011110011101001111000010111110111111100111110110011000101000101011110100111100110111111101011101111101011111011111010111110111011000101101111111111111111111111111111011111111111111111101110110001110111110100110111011111111111100111011111011110111111100111100001110001111111111110011101010101110010
110001000000000000010111100011101201010110101001001011010011001020011200112001012121111212221112101022211100112022111110101110211022112101101201020002011012111001200100010000111220210000111100002100002110020001002111001212220210100112000011120112102021120000000010011101110000010110100111210221101121111010000002210111100000100011000020102000000100010001221111000201200020001001100000001101201100000000011010201000000000000001101100000
220001202222222000220212202221222122020220222221002102022122002210022122201020201010002101110001020011120102001011200000020002120211201010022120012001002011000020102120200220100110110200011000001001001010010200201100000111112100020101020000012111021011010000020202011010102202202000022010102110020120000002222201102001122202120210002210021220200120212020210011222100120010221020120222221100120100101000000212201002220022202020001121000
000001000000000000000010000000000200000000000001000100000000000000000000000000000000000000000000000000000200000000000000000000000000000000000000000000000020000000000200000000200000010000010000000000001010010000001100000121110100000201000000010021001011010000001100121000200000000000000020100110000220000101111001100002200000201020010010001010001201020100210020000100100110001100200000002200100201000001100020202000000100010010012100111
110001211111121001210101101211121221011110121220001101010011001210011102101020201010001101110001010011110002001011100000010001110211101000011110012001101001000120101000200220000110101200000010001010001000010100101000000111112100010101020000012111011010011000010101011020101201101000011000101110010020000001111101101000011111010100001110011110110010101010210000111100110010210010010111111000110100010000000111100001111012101020001111111
110002101111111000110121101110111211010110111112001001010011001120011201102010102020001202220002010022210201002022100000010001210122102000011210021002001022000010201200100110200220220100022000002000002020020100102200000222221200010202010000021222012022020000010101022000201101101000011020201220010220000001111102201002211101210120001120012110100210121010220020111200210020112011211111112210210200100010000121202001110011101010002210002
220002202222222000220222202220222222020220222222002102021022002220022212202020202020002202220002020022220202002022200000020002220222202000022220022002002022000020202210200220200220220200022000002000002020020200202200000222222200020202020000022222022022020000020202022000202202202000022020202220020220000002222202202002222202220220002220022220200220222020220022222200220020222021221222222210220210102000000222202002220022202020002220100
110001001111101000010111100011101201010110101001001001010011001020011200102000002020001202220002010022210100002022100000010001210022102000011210020002001012000000201100000000100220220000021000002000002020020000002200000202220200000002000000020102002022020000000000012000100000000000010020200220000220000000000002200002200000210020000020002000000210021000220020000200200020012012200000001200200200000000000020102000000000000000002210001
220012111111111110121222211121212212121221212112002102120022012120022201202010102020002202220002020122220211002122200001020002220122202100022220121102002022000010202200110110200220200100000011002000012000021110102000110111111100010101111100011111011010010111110101000000001101101000011010101110010120000001000111101001111101110110001110011110100110111010210010111100111011121021110111111100110100000000000111111101110011101010001110000
220002202222222000220222202220222222020220222222002002021022002220022212202020202020002202220002020022220202002022200000020002220222202000022220022002002022000020202200200220200220220200022000002000002020020200202200000222222200020202020000022222022022020000020202022000202202202000022020202220020220000002222202202002222202220220002220022220200220222020220021222200220020222022220222222200220200102010000222202002220022202020002220000
220002202222222000220222202220222222020220222222002102020022002220022202202020202020002202220002020022220202002022200000020002220222202000022220022002002022000020202200200220200220220200022000002000002020020200202200000222222200020202020000022222022022020000020202022000202202202000022020202220020220000002222202202002222202220220002220022220200220222020220022222200220020222022220222222200220200102010000222202002220022202020002220000
220002202222222000220222202220222222020220222222002002021022002220022212202020202020002202220002020022220202002022200000020002220222202100022220022002002022000020202200210220200220220200022000002000002020020200202200000222222200020202020000022222022022020000020202022000202202202000022020202220020220000002222202202002222202220220002220022220200220222020220022222200220020222021220222222200220200202000000222202002220022202020002220000
110021020000000221012010020002100201212012000001001100200011021010011100101000001010000101110001000211100120001211000002000000100011001100000100210001200011000000100100010000100110102000000022001020021000012020001000000000000000000000000000000000000000000000000000000000000000000000000000000000000020000000000000000000000020000000000001000000020000000000200000000000000000000000000000000000000000000000000000010100002000000000000001000
110001000000000000010111100010101201010110101001001011010111101010011100111001011111111111111111111011111100111011111110111111111011111101111111010001011011111101101100010000111110120000121100001100001110010101101211001222221210110212010011121122112022120000010011022101211101111110111121211221111221111010000102211112201101210121001120112100100210121011221121111201210020012012210111112201211200001000011121202000000000000001102210000
110002000000000000110121101110111211010110111112001001010011001120011201102010102020001202220002010022210201002022100000010001210122102000011210021002001022000010201200100110200220220101022000002000002020020100102200000222221200010202010000021222012022020000010001022000201101101000011020201220010220000000000102201002211101210120001120012100100210121010220021111200210020112012210111112200210200001000000121202001110011101000002210001
220022122222212220122222221121212212222222212112002202220022022120022201202010102020002202220002020222220221002222200002020002220122202100022220221102002022000010202200110110200220210100010022002000022010022120102100110222221200010202111101021122012022020111110101022000201101101000011020201220010220000002222112201002211101210120001120012120100210121010220021111200211021122022210111112200210200001000000121212101111011101020002110000
000000000000000001000000000000000100000000000000000000000200000000000000000000000000000000000000000000000000000000000000000000000000000000000000000010000000000100000000000000000000000000000000000000000000000000000000000010000000000100000000000010000000001000000000010020100000000000000010000000000120000000000000000001100000100010000000000000000100010000200010000000000000001000100000001100000100000000000010101000000000000000000001000
110001201111111001210111101210121221010110121221001001010111001210011102101020201010001101110001010011110102001011100000010001110211101000011110012001001011000120101100200220100110120200021000001000001020010200201200000111112100010101020000012111011011011000010101012010101101101000011010101110010120000001111101101001111101110110001110011110100110111010210011111100110010111011110111111100110100101010000111101001110011101010001111000
110001101111111001110111101111111211010110111111001001010111001110011101101010101010001101110001010011110101001011100000010001110111101000011110011001001011000110101101100110100110110100011000011000001010010100101100000111111100010101010000011111011011011000010101111010101101101000011010101110010120000001111101101001111101110110001110011110100110111010210011111100110010111011111111111110110110101010000111101001110011101010001111000
110001101111111000110111101110111211010110111111001001010011001110011101101010101010001101110001010011110101001011100000010001110111101000011110011001001011000010101100100110100110110100011000001000001010010100101100000111111100010101010000011111011011010000010001001000001101101000011010101110010120000000000101101000111101110110001110011100100110111010210010111100110010110010110111110100110100000000000111100001110011101000000110000
110002101111111000110121101111111211010110111112001101010011001110011101101010101010001101110001010011110201001011100000010001110111101000011210011001001021000010101200100110200110110100010000001000001010010100101100000101110100000001000000010001001011010000000100011000101101101000011000101110010020000001111001101000001101010100001110001110110010101010210000111100110010110010010111110000110100000000000011100000000000000010001110002
110001101111111000110111101111111211010110111111001101011111001120011211102010102020001202220002010022210101002022100000010001210122102100011210021002001012000010201110110110100220220100021000002001002020020100102200000111111100010101010000011111011011010000010101012000101101101000011010101110010120000001111101101001111111110110001110011110100110111010210011111100110011111011110111111100110110101010000111101001111011101010001210000
110001101111101000110121101110111211010110111112001101010011001110011101101010101010001101110001010011110201001011100000010001110111101000011110011001001021000010101200100110200110110100011000001000001010010100101100000121111100010201010000011121011011010000010111011000101101111110111111111111111121111011111101111111111101110110001110111110100110111011211111111100110010111011110111111100111100001000001121201001110011101010001110000
000001000000000001000010000001000200000000000001000010000100100011000100011001011111110111111111101011101100111011011110101110101011011101100101010011010011111101100100010000111110110000111100011100001110010001001111001111110110100111000010110111101011110000000000011111110000000000000010100110000110000000000001100001100000100011000010001000000100010000210011000101100010001001100000001101100100001000010010101010000000000001101101000
220002202222222000220222202220222222020220222222002002020022002221022202202020202020002202220002020022220202002022200000020002220222202000022220022002002022000020202200200220200220220200022000002000001020010200201200000222222200020202020000022222022022020000020202022000202202202000022020202220020220000002222202202002222202220220002220022220200220222020220020222200220020222021220222222200220200102010000222202002220022202020002220001
001101200000010000200010001200020220000000020221000000000100000200100002000120200000000000000000000000000102000000000000000000000200000000000000002000000110000020010100201221100001020210021000100000100021100200210200000111112101021101020000012211021111010000021202122010202212202000022010002010020120000102222200002001122202121210012200020221201121212120200010222000020100221120121222222100020101001011100212101002220122212120012122111
000000000000000000000000000001000200000000000000000100000100000000000000000000000000000000000000000000000000000000000000000000000000000000000000000000000000000000000000000000000000000000000000000000000000000000000000000000000000000000000000000000000000000000000000000020000000000000000000000000000020000000000000000000000000000000000000000000000000000000200000000000000000000000000000000000000000000000000000100000000000000000000002001
000000000000000001000000000001000200000000000000000000000100000010000100001000001010000101110001000011100000001011000000000000100011001000000100010011000001000100100000000000000110100000000000001000001000010000001000000111110100000001000000010001001010010000000000000010000000000000000000100100000020000000000001100000000000000000000010001000000000000000210000000110100010001000000000000000100000000000000000001000000000000000000001000
110002101111111000110121101110111211010110111112001101010011101121011201102010102020001202220002010022210201002022100000010001210122102000011210021002001022000010201200100110200220210100011000002000002010020100102100000121111100010201010000011121011011010000010101021000201101101000011020101110010220000002222101101002211101210120001110011120100210121010210021111100110010112011210111112200110201001000000121202001110011101020002110000
110002101111111000110121101110111211010110111112001101010011001120011201102010102020001202220002010022210201002022100000010001210122102000011210021002001022000010201200100110200220220100021000002000002020020100102200000222221200010202010000021122012022020000010101122000201101101000011020201220010220000001111102201002211101210120001120012110100210121010220020111200210020112011210111112200210200100010000121202001110011101010012210000
110001000000000000010111100010101201010110101001001001010011001010011100101000001010001101110001010011110100001011100000010001110011101000011110010001001011000000101100000000100110100000000000001000001000010000001000000010000000000100000000000010000000000000000000000000000000000000000010100100000120000000000001100001100000100010000010001000000100010000210010000100100010002000100000001100100100000000000020202000000000000000001000000
110001010000000000010111100011101201010110101001001101010011001010011100101000001010001101110001010011110100001011100000010001110011101200011110010001001011000000101100010000100110100000000000001000001000010000001000000111110100000101000001010011001010011000000010010000100000010110100111110111101121111010000001110111100000100010000011101000000100010001211110000100100010001000100000001100101100000000001010211100000000000010101000000
110001101111111000110111101111111211010110111111001001010011001110011101101010101010001101110001010011110101001011100000010001110111101000011110011001001011000110101100100110100110110100011000001000001010010100101100000111111100010101010000011111011011011000010101011000101101101000011010101110010120000001111101101001111101110110001110011110100110111010210011111100110010111011110111111110110100011000000111101001110011101010001110000
111101001111101011010111101011101201010110101001011101010111001010111100101100001010001101110001010011110100001011100000010001110011101000011110010001001111000100111100011001100111110010010000101000101011110000011100000111110101001101000000010011001111011000001000011010101011101000011010101110010120000100000001101001101101111110111110001100101111111110210010111100110110011111110111111100110100100001100111101000000100010110011101110
110001101111111001110111101111111211010110111111001001011111001111011111101010101010001101110001010011110101001011100000010001110111101100011110011011001011000110101110110110100110110100011000001001001010010100101100000111111100010101010001011111011011010000010111011010101101111110111111111111111121111011111101111111111101110110001110111110100110111011211111111110110010111011110111111100111100001010001111101001110011101010101111000
000001100000010001100000001101010210000000010110000100000100000100000001000010100000000000000000000000000101000000000000000000000100000000000000001010000010000110000100100110100000010100011000000000000010000100100100000111111100010101010000011111011011010000010101011010101101101000011010101110010120000001111101101001111101110110001110011110100110111010210010111100110010111010110111111100110110001000000111101001110011101010001111000
220002202221121000220222202220222222020220222222002002021022002210022112201020201010002101110001020011120202001011200000020002120211201010022120012001002021000020102200200220200110120200022000001000002020020200202200000222222200020202020000022222022022020000020202022000202202202000022020202220020220000002222202202002222202220220002220022220200220222020220021222200220020222021220222222200220210202010000222202002220022202020002220001
110002201111111000210111101210121221010110121221001001010011001220011202102020202020001202220002010022210102002022100000011001210222102010011210022002001012000020201100200220100220220200022000002000002020020200202200000222222200020102020000022212022022020000020102022000202102202000022020202220020220000001111202202002222202220220002220022210200220222020220021222200220020212011220222222200220200102010000222202002220022202010002210000
110001001111101000010111100010101201010110101001001001010011001020011200102000002020001202220002010022210100002022100000010001210022102100011210020002001012000000201100010000100220220000022000002000002020020000002200000222220200000202000000020122002022020000000000022000200000000000000020200220000220000000000002200002200000200020000020002000000200020000220021000200200020002001200000002200200200000000000020202000000000000010002200000
110011000000000101011111110012101201110111101001001001110111011010011100101000001010001101110001010111110110001111100001010001110011101100011110110101001011000100101101010000100110100000000001001000011000011010001000110111110100000101101101010011001010011111100010000010000000010111100111110111101121111010000011110111100000100010000010101000000100010001211110000110101011001000100000001100101100000000001010111100000000000000000001001
110011011111101111011111110011101201111111101001001001110111011010011100101000001010001101110001010111110110001111100001010001110011101100011110110001101011000100101100010000100110101000000011001010011000011010001000000101110100000001000000010001001010011000000000000010000010000000000000100110000010000001111001100000000000000000000010001010010000000000110000000110100010010010000000000000100000000000000000100010001000000000000001000
110000101111111000110101101111111211010110111110011101010111001110011101101010101010001101110001010011110001001011100000010001110111101000011110011001101001000110101000100110000110111100011000001010001010010100101100000101111100010001010000011101011011010000010101111010101111101000011000001010010010000001111100001000011101010100001100010110110010101010200000111000010000110010010111110000010000001000000101000011110011101000000111000
220012012221101110021222210021202202121221202002002102120022012020022200202000002020002202220002020122220210002122200001020002220022202000022220120002002022000000202200000000200220210000011011002000012010021010002100000121110100000201000000010021001011010000000100011000100000000000000020100110000220000001111001100002200000200020000010001010000200020000210020000100100010022021200000002200100200000000000020212100000000000010002110000
000000000000000000000000000000000200000000000000000000000100000010000100001000001010000101110001000011100000001011000000000000100011001000000100010001000001000000100000000000000110110000011000001000001010010100101100000111111100010101010000011111011011010000010000011010101001101000011010101110010120000000000101101001111101110110001110011100100110111010210011111100110010101001110111111100110100000000000111101001110010101000001101000
110000101111101000110101101111111211010110111110001001010111001110011101101010101010001101110001010011110001001011100000010001110111101000011110011001001001000010101010100110000110110100010000001000001000010100101100000101111100010001010000011101011011010000010001001010001101101000011000101110010020000000000101101000011101010100001110011100100010101010210000111110110010110010010111110000110000000000000101000001110010101000000111000
110001101111111000110111101110111211010110111112001001010011101110011101101010101010001101110001010011110101001011100000010001110111111000011110011001001011000010101100110110100110110100011000001000001010010100101100000111111100010101010000011111011011010000010101011010101101101000011010101110010120000001111101101001111101110110001110011110100110111010210011111100110010111011110111111110110100001010000111201001110011101010101110002
110002101111111000110121101110111211010110111112001001011011001110011111101010101020001202220002010022210201002022100000010001210122102000011210021002001022000010201200100110200220210100011000002000001010010100101100000121111100010201010000011121011011010000010101011000101101101000011010101110010120000001111101101001111101110110001110011110100110111010210011111100110010111011111111112110110200001010000111202001110011101010002110000
000001000000000000000010000001000200000000000001000000000000000010000100001000001010000101110001000011100100001011000000000000100011001100000100010001000011000100100100000000100110110000011000001000001010010000001100000111110100000101000000010011001011010000000000011010100000000000000010100110000120000000000001100001100000100010000010001000000100010000210010000100100010001001100000001100100100000000000010101000000000000000001101000
110002101111111000110121101110111111010110111112001111010011101120011201112011112121111212221112111022211201112022111110111111211122112101111211021002011022111011201200110110211220220100121100002100002120020101102211001222221210110212010010121122112022120000010101022101211101101000011020201220010220000001111102201002211101210121001120012110100210121010220021111201210020112011210111112201210200001010010121202001110011101011002210000
220001102222212000120212201120212212020220212111002002020022002120022201202010102020002202220002020022220101002022200000020002220122202000022220021002002012000010202100110110100220220100022000002000002020020100102200000212221200010102010000021212012022020000010101022010201101101000011010201220010120000001111102201002111101110110001120012110100110111010220011111200210020121021110111112100210100002010000121102001110011101000002210001
110000101111111000110101101111111211010110111110001001010011001100011001100010100000001000000000010000010001000000100000010001010100100100011010001000101000000010001001110110000000001100000000000010000000000100100000000000001000010000010000001100010000001000010101000000001101101000011000001000010020000001111100001000011111010100001101010110110010101010200000111000010000110010010111110000010000000000000101200001111011101010000010000
110001101111101001110111100110111211010110111111001101010111101110011101101010101010001101110001010011110101001011100000010001110111101100011110011001001011000110101100110110100110110100011000001000001010010100101100000111111100010101010001011111011011011000010011011010101101111110111111111111111121111010000101111111111101110110001110111100100110111011211110111100110010101001110111111100111100001000001111111101110011101010101111000
110011011111101110011111111012101201111111101001001101110011011010011100101000001010001101110001010111110110001111100001010001110011101000011110110001001011000000101100000010100110100000000011001000011000011110101000000010001000010100010000001010010000000000010101000000001101101000011010001000010120000001111100001001111101110110001100010110100110111010200010111000010000111010110111110100010100000000000111101001110011101010000000000
220012112222212110121222211120212212121221212112102202120022012120022201202010102020002202220002020122220211002122200001020002220122202100022220121102002022000010202200110110200220220100022011002000012020021110102200110222221200010202111101021222012022020111110111022000201201111111121121211221111221111011111112211112211101220120001120122110100220122011221122111200211021122022210111112200211200002010001121212101110011101020102210000
000001000000000000000010000000000200000000000001000000000000000010000100001000001010000101110001000011100100001011000000000000100011001000000100010001000011000000100100000000100110110000010000001000001010010000001100000111110100000101000000010111001011010000000000011010100000000000000010100110000120000000000001100001100000100010000010001000000100010000210010000100100010001000100000001100100100000000000010201000000000000000001100100
220012212222212110221222212221222222121221222222002202120022012220022202202020202020002202220002020122220212002122200001020002220222202100022220122002102022000020202200210220200220211200011011002010012020021210202200000222222200020202020000022222022022020000020202022000202202202000022020202220020220000002222202202002222212220220102220022220210220222020220022222200220020222021220222222200220210002010000222112102221022202020002220000
110010010000000110011111110011101201111111101000021201110011011000011000100000000000001000000000010100010010000100100001010001010000100100011010100010201000000100001000010000000000002000000011000020010000001010000000000000000000000000000000000000000000000000000100000000000000000000000000000000000020000001111000000000000020000000200000000010020000000000200000000000000000000000000000000000000000000000000000100000002000000010000001110
220002202222212000220222202220222222020220222222002002020022002220022202202020202020002202220002020022220202002022200000020002220222202000022220022002002022000020202200200220200220210200011000002000002010020200202100000111112100020101020000012211021011010000020202011000102202202000022010102110020120000002222201102001122202120210002210021220200120212020210011222100120010221020120222221100120100001000000212201002220022202020001120000
220001101111111000220212201221222222020220222221002002021122002210022112201020201010002101110001020011120102001011200000020002120211201000022120012001002011000020102100200220100110110200011000001000001010010200201100000111112100020101020000012111021011011000020202011010102202202000022010102110020120000002222201102001122212120210002210021220210120212020210011222100120010221021120222221100120100001010000212101002220022202010001121000
220001102222222000120212201121212212020220212111012102020022002110022101201010101010002101110001020011120101001011200000020002120111201000022120011001102011000010102100100110100110111101011000001010001010010200201100000111112100020101020000012111021011010000020202011010102202202000022010102110020120000002222201102001122212120210002210021220210120212020210011222100120010221021120222221100120100001000000212101002220022202020001111000
110002000111101000010121100010101201010110101002001001010011001020011200102000002020001202220002010022210200002022100000010001210022102000011210020002001022000000201200000000200220210000010000002000002010020000002200000222220200000202000000020022002022020000000100022000200000000000000020200220000220000001111002200002200000200020000020002010000200020000220020000200200020002001200000002200200200000000000020202000000000000010002200000
220012202222222100221222212221222222121221222222002202120022012220022212202020202020002202220002020122220212002122200001020002220222202000022220122002102022000020202200200220200220221200021011002010012020021210202200000212222200020102020000022212022022020000020202012000102202202000022010202220020120000002222202202001122222120210102220022220220120212020220012222200220020221021120222221100220120002010000212101002221022202020001220000
110001101111101001110111101111111111010110111111001001011111001110011101101010101010001101110001010011110101001011100000010001110111101000011110011011001011000110101110100100100110110100011000001000001010010100101100000111111100010101010001011111011011011000010111011010101101111110111111111111111111111011111101111111111101110110001110101110100110111011111110111110110010111011110111111100111100001000001011101011110011101010001111000
220002202222222000220222202220222222020220222222102002020022002220022202202020202020002202220002020022220202002022200000020002220222202000022220022102002022000020202200200220200220220200022000002000002020020200202200110222222200020202121101022222022022020111120212022000202202212111122121212221121221111012222212212112222202220220002220122220200220222021221122222200221021222022220222222200221210002100001222212102220022202020102220000
110002101111111000110121101110111211010110111112001001010011001110011101101010101010001101110001010011110201001011100000010001110111101000011110011001001021000010101200100110200110110100010000001000001010010100101000000121111100010201010000011121011010010000010201020000201101101000011020101110010220000002222101101002211101210120001110011120100210121010210020111100110010112010210111112200110200001010000121212101110011101020002010000
110001101111111001110111101111111211010110111111001001011111001110011111101010101010001101110001010011110101001011100000010001110111101000011110011001001011000110101110100110100110110100011000001000001010010100101100000111111100010101010000011111011011011000010101011010101101101000011010101110010120000001111101101001111101110110001110011110100110111010210011111100110010111011110111111100110100001010000111101001110011101010001111000
111112001111101100111121111110111211111111111222111101110011011110111101101110101010001101110001010111110211001111100001010001110111101100011110111001001121000010111200111111200111110110010011101000111001111110111100000121111101011201010000011021011111010000011101121000200110000001000020100110000220000101111001100002210000201020010010001011001201120100210020000100100111112110200000102200100201010001100021202001110111111120012110100
110000000000000001010000000001100201010010001000001000000111001000011000100000000000001000000000000000010000000000100000000000010000100000001000000000001000000100000001000000000000000000000000000000000000000000000000000000000000000000000000000000000000001000000000000020000000000000000000000000000020000000000000000000000000000000000001000000000000000000200000000000000000000000000000000000000000000000000000000000000000000000000002000
110001001110000000010111100010101201010110101001001101010011001020011200102000002020001202220002010022210100002022100000010001210022102000011210020002001012000000201100000000100220210000011000002000002010020000002100000121110100000201000000010121001011010000000100021000200000000000000020100110000220000001111001100002200000200020000010001010000200020000210020000100100010002001200000002200100200001000000020202000000000000010002100000
000000000000000000000000000001000200000000000000010000000000000000000000000000000000000000000000000000000000000000000000000000000001000000000000000000000000000100000000000000000000000000000000000000001000010000001000000000000000000000000000000000000001000000000000001010000000000000000000000000000020000000000000000000000000000000100000000000000000000000200000000000000000000000000000000000000000000000000000000000000000000000000100101
110011111111111110111111111111111211111111111111011011110011011120011201112011112121111212221112111122211111112122111111111111211122112001111211121002111012111011201100100110111220221100121111002110012110021211202111001111112110110111020010112211111011110000010102021101212102202000022020102120020220000001111201102002222212220221102210021210210220222020210021222101120010112011220222222211120100001000010222202002221021202011002220000
110011111111111110111121111111111211111111111112011101111011011110011111101010101010001101110001010111110211001111100001010001110111101010011110111001101021000010101210110110200110111100011011001010011010011110101100000111111100010101010001011111011011010000010101011000101101101000011010101110010120000001111101101001111111110110101110011110110110111010210011111100110010111011110111111110110100101010000111101001111011101010001110000
110000001000000001110101100111111011010010111110001001010211001100011001100010100000001000000000010000010001000000100000010001010100100000011010001010001000000110001001100110000000000100000000000000000000000100100000000000001000010000010000001000010000001000010101000020001101101000011000001000010020000001111100001000011101010100001101010110100010101010200000111010010000110010010111110000010000000000000101100001110011101010000012000
110001101111111001110111101111111211010110111111001001010011001110011101101010101010001101110001010011110101001011100000010001110111101000011110011011001011000110101100100110100110110100011000001000001010010100101100000111111100010101010000011111011011011000010001001010001101101000011010101110010120000000000101101001111101110110001110011100100110111010210011111100110010111011110111111100110100101000000111101001110011101000001111000
110000101111101001110101101111111211010110111110001001010111001100011001100010100000001000000000010000010001000000100000010001010100100000011010001000001000000110001000100110000000000100000000010000001000010100101000000111111100010101010000011011011010011000010101000010001101101000011010101110010120000001111101101001111101110110001110011110100110111010210010111100110010111010110111111100110100000000000111201001110011101010001011000
110000001111101000010101100012101201010110101000001101010011001010011100101000001010001101110001010011110000001011100000010001110011101100011110010001001001000000101000010000000110100000000000001000001000010000001000000101110100000001000000010001001010010000000100000010000000000000000000100100000020000001111001100000000000000000000010001010000000000000210000000100100010000000000000000000100000000000000000100000000000000010000001000
000000000000000000000000000000000200000000000000000000000200000000000000000000000000000000000000000000000000000000000000000000000000000000000000000000000000000000000000000000000000000000000000010000000000000000000000000000000000000000000000000000000000000000000100000010000000000000000000000000000020000001111000000000000000000000000000000010000000000000200000000010000000000000000000000000000000000000000000200000000000000010000001000
220002002222202000020222202020202202020220202002002002020022002020022200202000002020002202220002020022220201002022200000020002220122202000022220021002002022000010202200100100200220220100022000002000002020020000002200000222221200010202010000021222012022020000010201022000201201101000011020201220010220000001111002201002211101210120001120002110100210121010220021111200210020122022210111112200210200101000000121202001110011101020002200000
111101101111111001110111101111111211010110111111001101010011001110111101101110101010001101110001010011110101001011100000010001110111101000011110011011001111000110111100101111100111110110011000101000101011110200211100000111112101021001020000012101021111010000021102121010102212202000012000102110020010000101111201102001022202011200012210021211201011201120210001222100120110210110020222221000120001001011100202001002221122212110011111111
110001101000000000110111100111111211010110111111001101010111001100011001100010100010001101110001010011110101001011100000010001110111101000011110011001001011000010101100100110100110100100000000011000000000000100100000000010000000000100000000000010000000000000000101010010101101101000001010001000010120000001111100001001111101100110001100010110100100110010200010111010010000111010110111011100010100000000000111101001110011101010001011000
220012112222212110121222211121212212121221212112002102120022012110022101201010101010002101110001020111120211001111200001020002120111201000022120111101002021000010102200100110200110110100011011001000011010011110101100110111111100010101111100011111011011010111110101011000101101101001011010101110010120000001111111101001111101110110001110011110100110111010210011111100111010111011110111111100110100001000000111211101110011101020001110000
000002000000000010000020000000000200000000000002010010000000200010000100011001011111110111111111101011101200111011011110100110101011011101100101010001010021111001100201010000211110110000110100001100001110010001001111001111110110100111000011110011101011110000000010011101110000010110100111110111101121111010000001110111100000100011100011101000000100010001211110000101100010001001100000001101101100000000011010201000000000000001101100100
000001100000010000100010001100010210000000010111000000000000100120000201002010102020000202220002000022200101002022000000000000200122002000000200021002000012000010200100100110100220220100021000002000002020020100102200000121111100010201010000011121011012010000010101022000201101101000011020201220010220000001111102201002211101210120001120012110100210121010220021111200210020112011210111112200210200001000000121202001110011101000002210000
110001101111111001110111101111111111010110111111001001010111001110011101101010101010001101110001010011110101001011100000010001110111101000011110011011001011000110101100100110100110100100000000011000001000010100101000000101111100010001010000011001011010010000010101001010001101101000011010101110010110000001111101101000111101110110001110011110100110111010110010111110110010111010110111110100110000000000000111101011110011101010000111000
110002101111111000110111101110111211010110111111001001011011001121011211102010102020001202220002010022210101002022100000010001210122102010011210021002001012000010201110100110100220220100021000002000001020010100101200000111111100010101010000011111011011010000010101022000201101101000011010101110010120000001111101101001111101110110001110011110100110111010210011111100110010111011110111111100110110001010000111101001110011101010001210000
000002100000000000100020001100010210000000010112000000000000000120000201002010102020000202220002000022200201002022000000001000200122002000000200021002000022000010200200100110200220220100021000002000002020020100102200000222221200010202010000021122012022020000010101012000101101101000011020201220010220000001111102201002211101210120001120012110100210121010220022111200210020112011210111112200210200001000000121202001110011101010002210000
001101000000000001000010000000000200000000000001000000000100100000100000000100000000000000000000000000000100000000000000000000000000000000000000000000000110000100010100001001100001000010000000110001100001100000010000000111110101001101000000010011001110011000000100110010100010000000000010100110000120000001111001100001100000100010000010001010000100010000210010000110100010001000100000001100100101000000000010201000000000000000001001000
000010010000000111001000010001000200100001000000000100100100010000000000000000000000000000000000000100000010000100000001000000000000000000000000100000000000000100000000000000000000000000000001010000010000001010000000000000000000000000000000000000000000000000000000000010100000000000000000000000000020000000000000000000000000000000000000000000000000000000200000000000000000000000000000000000000000000000000000100000000000000000000001001
220011112221111110121212211121212112121221212111002102120122012110022101201010101010002101110001020111120111001111200001020002120111201000022120111001102011000010102100100110100110111100011011001010011010011110101100000111111100010101010000011111011011010000010101011010101101101000011010101110010110000001111101101001111111110110001110011110110110111010210011111110110010111011110111111100110100001000000111101011110011101010001111000
111101101111101001110111101110111211010110111111001001010111001110111101101110101010001101110001010011110101001011100000010001110111101000011110011001001111000110111100111111100111110110011000101000101011110000011100000111110101001101000000010111001111011000001001011010100110000000010010100110000120000100000001100001100000111010010010001000001111011100210011000100100110011111100000001100100100001001100110201000000100010100011111111
110001001111101001010111100012101101010110101001001001011111001010011110101000001010001101110001010011110100001011100000010001110011101000011110010101001011000100101111000000100110100000000000001001001000010000001000110111110100000101101100010011001010011111100000000010001001101000001010101110010120000000000111101001101101100110001111011100100100110010210010111110111011101001110111011100110100100000000111101001000000000000000011000
220002202222222000220222202220222222020220222222002002020022002220022202202020202020002202220002020022220202002022200000020002220222202000022220022002002022000020202200200220200220220200022000002000002020020200202200000222222200020202020000022222022022020000020202022000202202202000022020202220020220000002222202202002222202220220002220022220200220222020220022222200220020222022221222222210220200102000000222212102220022202020002220001
110010011111101110011101110012101201111111101000001001110211011000011000100000000000001000000000010100010010000100100001010001010000100000011010100000001000000000001000010000000000000000000011000000010000001010000000000000000000000000000000000000000000000000000000000020000000000000000000000000000020000000000000000000000000000000000000000000000000000000200000000000000000000000000000000000000000000000000000000000001000000000000001000
110000101111111001110101101111111211010110111110001011010111101110011101111011111111111111111111111011111001111011111110111111111111111001111111011011011001111111101000100110011110110100111100001100001110010101101111001111111110110111010011111111111011111000010111001111011101111110111111111111111121111011111101111111111101110111001110111110100110111011211111111111110010111010110111111101111100001010011111001001110011101011101111001
000001000000000000000010000000000200000000000001000000000000000000000000000000000000000000000000000000000100000000000000000000000000000000000000000000000010000000000100000000100000010000010000000000000000000000000100000010000000000100000000000010000001000000000100110000100000000000000010000000000120000001111000000001100000100010000000000010000100010000200010000000000000001000100000001100000101000000000010101000000000000000001000001
001100000000000000000000000000000100000000000000000100000100000000100000000100000000000000000000000000000000000000000000000000000000000000000000000000000100000000010000001001000001000010000000100000100001100000010000000000000001001000000000000000000100000000001100100010000010000000000000000000000010000100000000000000000000001000010000000001001001000100200000000010000100000100000000000000000001000001100000100010000100010200010001210
000001100000000001100010001100010210000000010111010100000100000110000101001010101010000101110001000011100101001011000000000000100111001000000100011001100011000110100100100110100110111100011000011010001010010100101100000111111100010101010000011111011011011000010201011010101101101000011010101110010120000002222101101001111111110110101110011120110110111010210011111110110010111011110111111100110100000000000111101001110011101010001111001
220001201111111000220202202220222222020220222220002002020022002210022102201020201010002101110001020011120002001011200000020002120211201000022120012001002001000020102000200220000110110200011000001000001010010200201100000111112100020101020000012211021011010000020202021010202202202000022010102110020120000002222201102000122202120210002210021220200120212020210010222100120010220020120222221100120110002000000212201002220022202010001121000
220012112222212100121222211121212212121221212112012002120022012120022201202010102020002202220002020122220211002122200001020002220122202000022220121002102022000010202200100110200220211100011011002010012020021210202200000212222200020102020000022212022022020000020102012000102102202000022010202220020120000001111202202001122212120210102220022210210120212020220012222200220020221020120222221100220100101000000212201002221021202010001220000
000012110000010110101020011101010210101001010112010100100000010110000101001010101010000101110001000111100211001111000001000000100111001100000100111101000021000010100200110110200110110100011011001000011010011110101100110111111100010101111100011111011011010111110101011000101101101000011010101110010120000001111111101001111111110110001110011110100110111010210011111100111011111010110111111100110100001000000111201001110011101010001110101
000000000000000000000000000000000200000000000000000100000000000000000000000000000000001000000000000000010000000000100000000000010000000000001000000000001000000000000000000000000000000000000000000000000010000100100100000020001000010200010000001020010001000000010200011000101101101000011020101110010220000002222101101002201101210120001110011120100210121010210020111100110010112010210111112200110200000000000121202000000001000020002000000
110002101111111000110121101110111211010110111112001101010011001120011201102010102020001202220002010022210201002022100000010001210122102000011210021002001022000010201200100110200220220100021000002000002010020100102200000222221200010202010000021222012022020000010101022000201101101000011020201220010220000001111102201002211101210120001120012110100210121010220021111200210020112011211111112210210210101010000121202001110011101010002210000
110011011111100110011121110011101201111111101002001101110011011010011100101000001010002101110001020111120210001111200001020002120011201000022120110001102021000000102200000000200110101000000011001010011000011010001000000111110100000101000000010011001010010000000100010000100000000000000010100110000120000001111001100001100000100010000010001010000100010000210010000100100010011010100000001100100100000000000010101000001001000010001000000
220000101111111000120202201120212112020220212220002002021122002110022111201010101010002101110001020011120001001011200000020002120111201000022120011001002001000010102010200120000110120101021000001000001020010200201200000111112100020101020000012211021012010000020102012010102202202000022010102120020120000001111201102001122202120210002210021210200120212020210011222100120010221020120222221100120120102010000212101002220022202010001221000
110001101111111000110121101111111211010110111112001001010011001110011101101010101010001101110001010011110101001011100000010001110111101010011110011001001011000010101100100110100110110100011000001000001010010100101100000111111100010101010000011111011011010000010101011000101101101000011010101110010120000001111101101001111101110110001110011110100110111010210011111100110010111011110111111100110110101010000111101001110011101010001110002
110001101111111001110111101111111211010110111111001101010111001111011101101010101010001101110001010011110101001011100000010001110111101000011110011011001011000110101101100110100110110100011000001000001010010100101100000111111100010101010000011111011011011000010101011010101101101000011010101110010120000001111101101001111101110110101110011110100110111010210011111100110010111011111111111110110110101010000111101001110011101010001111101
220002102222202000120222201120212212020220212112002102020022002120022201202010102020002202220002020022220201002022200000020002220122202000022220021002002022000010202200100110200220210100011000002000002010020100102100000222221200010202010000021122012021020000010201021000201201101000011020201220010220000002222102201002211101210120001120012120100210121010220020111200210020122021210111112200210200001000000121202001110012101020002110000
110002201111101010210111102211121221010110121221011101010011001200011002100020200000001000000000020000020102000000100000020002010200100000022020002000101010000020002100200220100000001200000000000010000000000200200100000111112100020101020000012111021011010000020202011000102202202000022010102110020120000002222201102001122212120210102210021220210120212020210010222100120010221020120222221100120100001000000212101002220022202020001020000
220002101222212000120222201121212212020220212112002002020022002120022201202010102020002202220002020022220201002022200000020002220122202000022220021002002022000010202200100110200220210100011000002000002010020100102100000111111100010101010000011111011011010000010101011000101101101000011010201220010120000001111102201001111101110110001120012110100110111010220010111200210020111010111111111110210100001010000111201001110011101010001110000
220002102222222000220222202121222222020220222222002102021022002220022212202010202020002202220002020022220201002022200000020002220122202010022220021002102022000010202210200120200220211100011000002010002010020100102100000111111100020101010000011111021011010000020202011000102202202000022010102110020120000002222201102001122212120210002210021220210120212020210011222100120010121021121222121110120110101010000212101002220022202020001110001
220002102222212000120222202120212212020220212112002002020022002120022201202010102020002202220002020022220202002022200000020002220222202000022220022002002022000020202200210220200220220200022000002000002010020100102100000121111100010201010000011121011011010000010101021000201101101000011020101110010220000002222101101002211101210120001110011120100210121010210021111100110010112011210111112200110210001000000121202001111011101010001110000
110002100000001000110121101110111211010110111112001011010011101120011201112011112121111212221112111022211201112022111110111111211122102101111211021002011022111011201200110110211220210100111100002100001110010101101111001121111110110211010011111121111011110000010111011101111101111110111121111111111221111011111101111112211101210121001110111110100210121011211121111101110010112011210111112201111200101000011121202001110011101010102110000
110001201111111001210111101210121221010110121221001001010111001210011102101020201010001101110001010011110102001011100000010001110211101000011110012001001011000120101100200220100110110200011000001001001010010200201100000101112100020001020000012201021011011000020102011010102202202000022010102110020120000001111201102001122202120210002210021210200120212020210010222110120010211011120222221100120100001000000212001002220022202000001121001
000000000000000002000000000000000200000000000000000010000100100000000000010001010101110010001110101000001000110000011110100110001000000001100001000010010000111201000000000000011000000000100100000100000100000001000011001010000010100110000010100010100000102000000000010111110000000000000010000000000120000000000000000001100000100011000000000000000100010000200010000011000000001000100000001101000100000000010010101000000000000001000001001
110002000111101000010121101010101201010110101002001111010011001020011200112001012121111212221112111022211200112022111110110111211022102001111211020002011022111001201200010000211220210000111100002100002110020101102111001222221210110212010010121122112021120000010101021101110100000000010020200220000220000001111102200002210000210021000020002010000210021000220021000201200020012012200000002201200200001000010020202001110011101011102100000
110002101111111000110121101110111211010110111112001001011011001120011211102010102020001202220002010022210201002022100000010001210122102000011210021002001022000010201210100110200220220100021000002000002020020100102200000222221200010202010000021122012022020000010101022000201101101000011020201220010220000001111102201002211101210120001120012110100210121010220021111200210020112011210111112200210200001000000121202001110011101010002210001
000001000000000000000010000000000200000000001001000100000000000000000000000000000000001000000000000000000100000000100000000000010000000000001000000000001010000000000100000000100000000000000000000000000000000000000000000010000000000100000000000010000000000000000100120000200000000000000010000000000120000001111000000001100000100010000000000010000100010000200010000000000000001000100000001100000100000000000010201000000001000010001001000
220002202222222000220212202220222222020220222221002102020022002220022202202020202020002202220002020022220102002022200000020002220222202000022220022002002012000020202100200220100220220200021000002000002020020200202200000212222200020102020000022212022022020000020202022000202202202000022010202220020120000002222202202001122202120210002220022220200120212020220011222200220020221020120222221110220100002010000212101002220022202020002220000
110001101000010000110101101110111111010110111111001101010111001110011101101010101010001101110001010011110001001011100000010001110111101000011110011001001001000010101000100110000110110100011000001000001010010100101100000111111100010101010000011111011011010000010101021010101101101000011010101110010120000002222101101001111101110110001110011120100110111010210011111100110010111010110111111100110100001010000111201001110011101010001111000
110001001111101000010111100010101201010110101001011101010111001010011100101000001010001101110001010011110100001011100000010001110011101000011110010001001011000000101100000000100110110001010000001000001000010000001100000010000000000100000000000010000000000000000100010010100000000000000010000000000120000001111000000001100000100010000000000010000100010000200010000010000000011010100000001100000100000000000010201000000000000010001101000
110011011000000110011111110012101201111111101001001101110111011010011100101000001010001101110001010111110110001111100001010001110011101100011110110001001011000000101100010000100110100000000011001000011000011010001000000111110100000101000000010011001010010000000000000010000000000000000010100110000120000000000001100001100000100010000010001000000100010000210010000100100010001000100000001100100100000000000010101000000000000010001001000
110001101111111000110111101111111211010110111111001101010011001120011201102010102020001202220002010022210101002022100000010001210122102100011210021002001012000010201100110110100220210100011000002000002010020100102100000111111100010101010000011111011011010000010101011000101101101000011010101110010120000001111101101001111101110110001110011110100110111010210011111100110010111011110111111100110100001000000111101001110011101010001110000
110002101111111000110121101110111211010110111112001101010011101120011201102010102020001202220002010022210201002022100000010001210122102100011210021002001022000010201200110110200220210100011000002000002010020100102100000121111100010201010001011121011011010000010101021000201101101000011020101110010220000001111101101002211101210120001110011110100210121010210021111100110010112011211111112210110200101010000121212101110011101010002110000
220002101111101000120222201120212112020220212112002102020022002120022201202010102020002202220002020022220201002022200000020002220122202000022220021002002022000010202200100110200220200100000000002000002000020100102000000111111100010101010000011111011010010000010101011000101101101000011010101110010110000001111101101001111111110110001110011110100110111010110010111100110010111011110111111100110100000000000111101011110011101010001210000
110001101111111000110111101110111211010110111111001001010111001110011101101010101010001101110001010011110101001011100000010001110111101000011110011001001011000010101100100110100110110100011000011000001020010100101200000010001000010100010000001110010002000000010101011010101101101000011010001010010120000001111100001001111101110110001100010110100110111010200011111010010000111010110111111100010100001010000111201001110011101110011111000
220001101221112000120212201120212212020220212111002002020022002120022201202010102020002202220002020022220101002022200000020002220122202000022220021002002012000010202100100110100220220100021000002000002020020100102200000222221200010202010000021222012022020000010201022000201101101000011020201220010220000002222102201002211101210120001120012120100210121010220021111200210020112011210111112200210200001000000121202001110011101020002210000
111111111111111110111111111112111111111111111111001101110111111100111001100110100000001000000000010100010111000100100001010001010100100100011010101000001110000110011100111111100001000110000011100000110001101110110000000000001001011000010000001100010100000000011101000010001111101000011000001000010020000101111100001000011101011100011100010111101011101110200000111010010100110110010111110000010101000001100111100001110111111100010011110
000001000000000000000010000000000200000000000001000000000000000010000100001000001010000101110001000011100100001011000000000000100011001000000100010001000011000100100100000000100110100000000000001000001000010000001000000010000000000100000000000010000000001000000100010010100000000000000010100100000120000001111001100001100000100010000011001010000100010000210010000100100010001000100000001100100100000000000010201000000000000020001001000
110001101111111000110111101110111211010110111111011001010011001110011101101010101010001101110001010011110101001011100000010001110111101000011110011001001011000010101100100110100110110100011000001000001010010100101100000111111100010101010000011111011011010000010101011000101101101000011010101110010120000001111101101001111111110110101110011110110110111010110010111100110010111010110111111110110100011000000111101001110011101010001110010
220000202222212000220202202220222122020220222220002102020122002200022002200020200000002000000000020000020002000000200000020002020200200000022020002000002000000020002000200220000000000200000000000000000000000200200000000000002000020000020000002200020000000000020202000010002202202000022010002000020120000002222200002001122202120210002200020220200120212020200010222000020000221020120222220100020100000010000202100002220022202020000120001
110002101111111000110121101110111211010110111112001001010011001120011201102010102020001202220002010022210201002022100000010001210122102000011210021002001022000010201200110110200220220100021000002000002020020100102200000222221200010202010000021122012022020000010001022000201101101000011020201220010220000001111102201002211101210120001120012110100210121010220021111200210020112011210111112200210200001100000121202001110011101000002210000
220002202222222000220222202220222222020220222222002002022022002220022212202020202020002202220002020022220202002022200000020002220222202000022220022002002022000020202200200220200220220200022000002000002020020200202200000222222200020202020000022222022022020000020202022000202202202000022020202220020220000002222202202002222202220220002220022220200220222020220021222200220020222021220222222200220200102000000222202002220022202020002220000
220001202222222000220212202220222222020220222221002002020122002210022102201020201010002101110001020011120102001011200000021002120211211010022120012001002011000020102100200220100110110200011000001001001010010200201100000111112100020101020000012211021011010000020202011010102202202000022010102110020120000002222201102001122202120210002210021220200120212020210011222100120010221021121222221100120110001010000212101002220022202020001121000
220011102222212110121222211122212212121221212111002202120022012110022101201010101010002101110001020111120211001111200001020002120111201000022120111001002021000010102200100110200110100100000011001000011000011110101000000000001000010000010000001100010000000000010201000010001101101000011010101110010120000002222101101001111101110110001110011120100110111010210011111100110010121020110111111100110100001010000111101001110012101020000010000
110002201111101000210121102210121221010110121222001001010011101210011102101020201010001101110001010011110202001011100000010001110211101000011110012001001021000020101200200220200110120200022000001000001020010100101200000222221200000202010000021122002022020000000101022000201201101000011020201220010220000001111002201002201101210120001120012110100210121010220021111200210020112012210111012200210200101000000120202000000001000020002210001
110012001111101110011222210021102201111111201002001102120011011010011100101000001010001101110001020111110210001111100001020002110011101000021120110001001021000000102200000000200110100000000011001000011000011010001000000111110100000101000000010011001010010000000000000000000000000000000010100110000120000000000001100001100000100010000010001000000100010000210010000100100010011011100000001100100100000000000010111100000000000010001000000
110001000000000010010111100011101201010110101001001101010111001010011100101000001010001101110001010011110100001011100000011001110011111000011010010001101011000000101100000000100110111000010000001010001010010000001100000000000000000000000000000000000001000000000100011000100000000000000000100110000020000001111001100000000010000000100010001010010000000000210000000100100010000000000000000000100000000000000000100000000000000110010100110
000001000000000000000010000001000200000000000001000000000100000000000000000000000000000000000000000000000100000000000000000000000000000000000000000000000010000000000100000000100000000000000000000000001000010000001000000000000000000000000000000000000000000000000000000010000000000000000000000000000020000000000000000000000000000000000000000000000000000000200000000000000000000000000000000000000000000000000000100000000000000000000001001
220011011222212110021111110011201202121221102001002101110122012010022100201000001010002101110001020111120110001111200001020002120011201100022120110101002011000000102100010000100110100000000011001000011000011010001000110111110100010101101100010011011010010111110101000010001101101000011010101110010120000001111111101001111101110110001110011110100110111010210010111100111010121020110111111100110100100000000111111101110011101020001011000
220022112222212220122222221121212212222222212112012202220022022120022201202010102020002202220002020222220221002222200002020002220122202100022220221002002022000010202200110110200220200100000022002000022000022120102000000121111100010201010000011121011010010000010101010000101101101000011020101110010220000001111101101002211101210120101110011110100210121010210020111100110010112010210111112200110200000000000121212101110011101020002010001
110001000000000000010111100010101201010110101001001101010011001000011000100000000000001000000000010000010100000000100000010001010000100000011010000010001010000000001100000000100000000000000000000000000000000000000000000010000000000100000000000110000000000000000100000010000000000000000010000000000120000001111000000001100000100010000000000010000100010000200010000000000000000000100000001100000100000000000010101000000001000010001001000
220012212222222110221222212221222222121221222222002202120022012220022202202020202020002202220002020122220212002122200001020002220222202000022220122002002022000020202200200220200220220200021011002000012020021210202200000222222200020202020000022222022022020000020202022000202202202000022020202220020220000002222202202002222202220220002220022220200220222020220022222200220020222022220222222200220210102020000222202002220022202020002220000
000001100000010011100010001101010210000000010111000000000000000110000101001010101010000101110001000011100101001011000000000000100111001100000100011001000011000110100100110110100110110100011000001000001010010100101100000111111100010101010001011111011011010000010111011000101101111110111111111111111121111011111101111111111101110110001110111110100110111011211111111100110010111011110111111100111100111000001111101001110011101010101110001
110002101111101000110121101110111211010110111112001101010011001120011201102010102020001202220002010022210201002022100000010001210122102200011210021002001022000010201200120110200220210100011000002000002010020100102100000222221200010202010000021122012021020000010001021000001101101000011020201220010220000000000102201002211101210120001120012100100210121010220020111200210020112011210111112200210200001000000121202001110011101000002110000
001100000000000001000000000001000200000000000000000000000100100000100000000100000000000000000000000000000000000000000000000000000000000000000000000000000100000100010000001001000001000010000000100000100001100000010000000000000001001000000000000000000100001000001000100010000010000000000000000000000020000100000000000000000000001000010000000001001001000100200000000010000100000100000000000000000001000001100000000000000100010100010001101
110002001111100000010121100010101201010110101002001001010011001020011200102000002020001202220002010022210200002022100000010001210022102000011210020002001022000000201200000000200220210000011000002000002010020000002100000212220200000102000000020112002021020000000001011000100000000000000010200220000120000000000002200001110000100010000020002000000100010000220010000200200020011011100000001100200100000000000010201001110010101000001100000
220012010001101120021121110011201202121121102002002201110022012010022100201000001010002101110001010111120210001111200001010001120011201100012110110001002021000000101200010000200110100000000011001000011000011010001000000121110100000201000001010021001010010011100010100000000010010110100121110111101221111010000011110111200000200020000010101000000200020001211120000100101010001000200000001200101200000000001020212100000000000010102000001
220001202222222000220212202220222222020220222221002002020122002220022202202020202020002202220002020022220102002022200000020002220222202000022220022002002012000020202100200220100220220201022000002000002020020200202200000212222200020102020000022212022022020000020102012010102202202000022010202220020120000001111202202001122202120210002220022210200120212020220012222200220020221022120222221110220110001010000212101002220021202010001220000
110002101111111000110121101110111211010110111111001001011011101110011101101010101010001101110001010011110101001011100000011001110111101000011110011001001011000010101100100110100110110100011000001000001010010100101100000121111100010201010000011121011011010000010101021000201101101000011020101110010220000002222101101002211101210120001110011120100210121010210021111100110010112010210111112200110200001010000121202001110011101010002110000
220001102222202000120212201121212112020220212111002102020022002110022101201010101010002101110001020011120101001011200000020002120111201110022120011001002011000010102100110110100110110100010000001000002010020100102100000111111100010101010000011111011011010000010101001000001101101000021010101110010120000001111101101001111101120110001110011110100120112010210011111100110010121021110111111100110100000000000111101001110011101010001120000
110001001000000001010111100011101201010110101001001001010111001010011100101000001010001101110001010011110101001011100000010001110111101000011110011011101011000110101100100110100110111100011000001010001010010100101100000111111100010101010000011111011011011000010101011010100000000000000010100110000120000000000001100001100010100010000010001000010100010000210010000110100010011010100000001100100100000000000010101000001001000000001111001
000001201111111000200111101210021220000100120111000001010000000220000202002010202020000202220002010022200101002022000000010001200122002000010210021002000012000010201100100110100220220100022000002000002020020100102200000212221200010102010000021212012022020000010101012000101101101000011010201220010120000001111102201001111101110110001120012110100110111010220011111200210020111011110111111100210100001000000111101001110011101010001210001
000002000000000000000020000000000200000000000002000100000000200020000200002000002020000202220002000022200200002022000000000000200022012000000200020002000022000000200200000000200220210000010000002000002010020000002100000222220200000202000001020022002021020000000000021000200000000000000020200220000220000000000002200002200000200020000020002000000200020000220020000200200020002001200000002200200200000000000020202000000000000110012100100
110001101111111000110111101110111211010110111111001101010111001111011101101010101010001101110001010011110101001011100000010001110111101000011110011001001011000010101100100110100110110100011000001000001010010100101100000111111100010101010000011111011011011000010101021000201101101000011010101110010120000002222101101001111101110110001110011120100110111010210011111100110010111011110111111100110100001010000111201001110011101010001111000
110001000000000000010010000000100201010010000001001100000111101000011000100000000000000000000000000000010100000000000000000000000000000000000000000000000010000000000100000000100000010000010000000000001000010000001000000020000000000200000000000020000000000000000100020010200000000000000020000000000220000001111000000002200000200020000000000010000200020000200020000000000000002000200000002200000200000000000020202000000000000010002001000
220002202222212000220222202221222222020220222222002002020022002220022202202020202020002202220002020022220202002022200000020002220222202000022220022002002022000020202200200220200220220200021000002000002010020100102100000212221200010102010000021212012021020000010101011000101101101000011010201220010120000001111102201001111101110110001120012110100110111010220010111200210020121021110111111100210100000000000111101001110011101010001210000
110000100000000000110101101111111111010110111110001101010011001100011001100010100000001000000000010000010001000000100000010001010100100000011010001000001000000010001000100110000000000100000000000001000000000100100000000010001000010100010000001110010000000000010201011010101101101000011010001000010120000002222100001001111101110110001100010120100110111010200010111010010000111010110111111100010100000000000111101001110011101020001010000
110001100000000001110111101111111211010110111111011001010111001110011101101010101010001101110001010011110101001011100000010001110111101000011110011001001011000110101100100110100110110100011000001000001010010100101100000111111100010101010000011111011011010000010101011010101101101000011010101110010120000001111101101001111111110110101110011110110110111010210011111110110010111011110111111100110100000000000111101001110011101010001111000
110000101111111000110101101110111211010110111110001001010111001110011101101010101010001101110001010011110001001011100000010001110111101000011110011001001001000110101000100110000110110100011000001000001010010100101100000101111100010001010000011101011011011000010101011020001101101000011000101110010020000001111101101000011101010100001110011110100010101010210001111100110010110010010111110010110000101010000101100001110011101010000111000
000002000000000000000020000000000200000000000002000000000000000020000200002000002020000202220002000022200200002022000000000000200022002100000200020002000022000000200200010000200220200000000000002000002010020000002100000111110100000201000000010121001011010000000100021000200000000000000020100110000220000001111001100002200000200020000010001010000200020000210020000100100010001001200000002200100200000000000020202000001000000010001100000
220012012222202110021222210021202202121221202002002102120022012020022200202000002020002202220002020122220210002122200001020002220022202100022220120002102022000000202200010000200220211000010011002010012010021110102100000101110100000001000000010101001011010000000000001000001001101000011000101110010020000000000001101001001111010100101110011100110010101010210000111100110010111010010111110000110000000000000111100000001000000000001110000
000001000000000001000010000001000200000000000001000000000000000010000100001000001010000101110001000011100100001011000000000000100011001000000100010001000011000100100100000000100110100000000000001000001000010000001000000212220200000102000000020012002020020000000000000000000000000000000020200210000220000000000002200002200000200020000020002000000200020000220020000200200020002000200000001200200200000000000020102000000000000000001000000
110002001111101000010121101010101201010110101002001001010011001010011100101000001010001101110001010011110200001011100000010001110011101000011110010001001021000000101200000010200110110000010000001000001010010100101100000121111100010201010000011121011011010000010101021000201101101000011020101110010220000001111101101002211101210120001110011110100210121010210020111100110010111011210111112200110210000000000121202001110011101110012110001
110002101111111000110121101110111211010110111112001001010011001120011201102010102010001101110001010011110201001011100000010001110111101000011110011001001021000010101200100110200110110100010000001000002020020200202200000222222200020202020000022222022022020000020202022000202202202000022020202220020220000002222202202002222202220220002220022220200220222020220020222200220020222020220222222200220210001000000222202002220022202020002220000
220012102222212100121222211121212212120221212112002002120022012120022201202010102020002202220002020122220211002122200001020002220122202100022220121102002022000010202200110110200220220100021001002000012020021110102200110222221200010202111101021222012022020111110011022000201101111110111121211221111221111010000112211112211101210120001120112100100210121011221122111200211021122022210111112200211200001000001121212101110011101010102210000
110001101111111001110111101110111211010110111111001001010111001110011101101010101010001101110001010011110101001011100000010001110111101000011110011001001011000110101100100110100110110100011000011000001010010100101100000111111100010101010000011111011011011000010101011010101101101000011010101110010120000001111101101001111101110110001110011110100110111010210011111110110010111011110111111100110100101000000111101001110011101010001111001
000000100000000002100000001101010210000000010110000000000100100100000001000010100000000000000000000000000001000000000000000000000100000000000000001020000000000210000000100110000000010100011000000000000010000100100100000000001000010000010001001100010001002000010011001020001101111110111101011001111021111010000100011110011101010100001100110100100010101011201100111000010000100000011111110000011000000000001101000001110011101000100111001
000001000000000001000010000001000100000000000001000010000100000010000100011001011111110111111111101011101100111011011110101110101011001101100101010001010011111101100101010000111110110000111100001100001110010001001111001111110110100111000010110011101011111000000000011111110000000000000010100110000120000000000001100001100000100011000011001000000100010000210010000111100010001001100000001101100100000000010010101000001000000000001101000
110002001111101000010121100010101201010110101002001101010011001020011200102000002020001202220002010022210200002022100000010001210022102000011210020002001022000000201200000000200220210000011000002000002010020000002100000121110100000201000000010121001011010000000200022000200000000000000020100110000220000002222001100002200000200020000010001020000200020000210020000100100010002000200000002200100200000000000020202000000000000010002200000
000000000000000002000000000002000200000000000000000000000200000000000000000000000000000000000000000000000000000000000000000000000000000000000000000000000000000200000000000000000000000000000000000000000000000000000000000000000000000000000000000000000000000000000000000020000000000000000000000000000020000000000000000000000000000000000000000000000000000000200000000000000000000000000000000000000000000000000000100000000000000000000002001
110001101111111000110111101110111211010110111111001001010111101100011001100010100000001000000000010000010101000000100000010001010100100010011010001000001010000010001100100110100000000100000000000000000000000100100000000020001000010200010000001120010000000000010101020000201101101000011020001000010220000001111100001002211101210120001100010110100210121010200021111000010000112010210111112200010200011000000121212101110011101010000010000
110000000000000000110101101111111211010110110000001001010111001110011101101010101010001101110001010011100001001011100000010001110111101000011110011001001001000010101000100100000110110100011000001000001010010100101100000101111100010001010000011101011011010000010001011010101101101000011010101110010120000000000101101001111101110110001110011100100110111010210011111110110010111011110111111100110100001000000111101001110011101000000111000
000000010000000011000000000001000200001000000000010000000200000000000000000000000000000000000000000000000000000000000000000000000000000000000000000000100000000000000000000000000000001000000010000010000000000000000000000000000000000000000000000000000000000000000000000020000000000000000000000000000010000000000000000000000010000000000000000000010000000000100000000000000000000000000000000000000000000000000000000000001000000000000001000
220001202222212000220212202220222222020220222221002002020122002210022102201020201010002101110001020011120102001011200000020002120211201000022120012001002011000020102100200220100110120200022000001000001020010200201200000212222200020102020000022212022022020000020202012010102202202000022010202220020120000002222202202001122202120210002220022220200120212020220011222200220020221021120222221100220100102000000212101002220022202020001221000
000001000000000000000010000000000100000000000001000000001100000010000100001000001010000101110001000011100100001011000000000000100011011000000100010001000011000000100100000000100110110000010000001000001010010000001100000111110100000101000000010111001011010000000000011010100000000000000010100110000120000000000001100001100000100010000010001000000100010000210010000100100010001001100000001100100100000000000010101000000000000000001101000
220002202222222000220222202220222222020220222222002102021022002220022212202020202020002202220002020022220202002022200000020002220222202000022220022002002022000020202210200220200220220200022000002000002020020200202200000222222200020202020000022222022022020000020202022000202202202000022020202220020220000002222202202002222202220220002220022220200220222020220021222200220020222022220222222200220210002020000222202002220022202020002220000
110001000000000000010111100011101201010110101001001101010111001000011000100000000000001000000000010000010100000000100000010001010000100000011010000000001010000000001100000000100000000000000000000000000000000000000000000000000000000000000000000000000000000000000100010010100000000000000000000000000020000001111000000000000000000000000000000010000000000000200000000010000000000000000000000000000000000000000000000000000000000010000001000
000001000000000001000010000001000200000000000001000000000100000010000100001000001010000101110001000011100100001011000000000000100011001000000100010011000011000100100100000000100110100000000000011000001000010000001000000000000000000000000000000000000000001000000000000010000000000000000000000000000020000000000000000000000000000000000000000000000000000000200000000010000000000000000000000000000000000000000000100000000000000000000001000
001100000000000000000000000001000200000000000000000100000100100000100000000100000000000000000000000000000000000000000000000000000000000000000000000000000100000100010000001001000001000010000000110000100001100000010000000010000001001100000000000010000100001000001100100010000010000000000000000000000020000101111000000000000000001000010000000011001001000100200000000010000100000100000000000000000001000001100000200000000100010110010001110
000000000000000000000000000000000200000000000000000000000100000000000000000000000000000000000000000000010000000000000000000000000000100000000000000000000000000000000000000000000000000000000000000000000000000100100000000000001000010000010000001000010000000000010101000020001101101000011000001000010020000001111100001000011101010100001100010110100010101010200000111000010000110010010111110000010000000000000101100001110011101010000012001
110001101111111000110111101110111211010110111111001101010011001110011101101010101010001101110001010011110101001011100000010001110111101000011110011001001011000010101100100110100110110100011000001000001010010100101100000111111100010101010000011211011011010000010201021000201101101000011010101110010120000002222101101001111101110110001110011120100110111010210011111100110010111011110111112100110110011010000111101001110011101010002110000
110001101111111000110111101110111211010110111111001001010011001110011101101010101010001101110001010011110101001011100000010001110111101000011110011001001011000010101100100110100110110101011000001000001010010100101100000111111100010101010000011111011011010000010101011000101101101000011010101110010120000001111101101001111101110110001110011110100110111010210011111100110010111011111111111100110100001010000111101001110011101010001110001
000000000000000001000000000001000100000000000000010000000100000000000000000000000000000000000000000000000000000000000000000000000000000000000000000000100000000100000001000000000000001000000000000011000000000000000000000000000000000000000000000000000000001000000000000010000000000000000000000000000000000000000000000000000010000000100001000000010000000000100000000000000000000000000000000000000000000000000000100020001000000000000001000
110000101110010000110101101110111211010110111110001001010111001100011001100010100000001000000000010000010001000000100000010001010100100000011010001000001000000010001000100110000000010100011000000001001020010200201200000222222200020202020000022222022022020000020202022010102202202000022020202220020220000002222202202002222202220220002220022220200220222020220021222200220020222020220222222200220210001000000222202002220022202020001111000
