010000010022000000202202211000022100002220222222202222222220222222222222222220022222012220002222202220002220222222222120222221222222212002002220020220221222221020022222222222222222020222202022021222222202222222202222200002011122202000000202222222222002201211211000200120
000000010022000000202202200000022100002220222222202222222220222222222222222220022222002220002222202220002220122222222020222220222222212002002220020220220222221020022222222222222222020222202022021222222202212222212222200002011111102000000202222222222002211100000000000111
010000010022000000202202201000122100002220222222202222222220222222222222222220022222012220002222202220002220122222222120222221222222212102002222020220222222221020022222222222222222020222202022021222222202222222202222200002011122201000000202222222222102201111111000200110
000000010022000000202202201000222100022220222222202222222220222222222222222220022222012220002222202221002220122222222020222220222222212202002220020220221222221020022222222222222222020222202022021222222202212222202222200002021122201000000202222222222102211111111100100200
100101111122000000201202200000022100002220222222202222222220222222222222222220022222012220002222202220002220121222222020222220222222212112002220020220221222221020022222222222222222020222202022021222222202212222202222200002011022202000000202222222222111111101011000001110
110101111121010000201102201000012100002220222222202222222220222222222222222220022222012220002222202220002221121222222120222221222222212112102221020220220222221020022222222222222222020222202022021222222202212222202222200002011122101000000202222222222111201101111000201210
010000010022000000201202201020122100012220222222202222222220222222222222222220022222002220002222202220002220122222222020222221222222212202002221020220220222221020022222222222222222020222202022020222222202222222202222200002011122202000010202222222222202201101111000111110
010000010022000000202202201000222100022220222222202222222220222222222222222220022222012220002222202221002220122222222120222220222222212102002220020220221222221020022222222222222222021222202022021222222202222222202222200002011122202000000202222222222002201011111100100100
101111111121110000101102101000011110001110111112102211222220221222222222222120022111001210001211101210002211111111111010221120111121111001001120110110221222221020122222222222222222120222202022121222222212212222202222100112011011101010000111211111111011111111111000001110
000000010022000000202202201000222100022220222222202222222220222222222222222220122222012220012222202220002220222222222120222221222222212202002220020220220222221020022222222222222222020222212022021222222202212222202222200002011122201000000202222222222202201101111000200110
101111111112000000212202200000122100012220222222202222222220222222222222222220022222002220002222202220002220122222222020222220222222212102002220020220220222221010011111111111111111010111101011011111111201101112101111210001011011101000000202122222222111010012011010101200
101111101112000000212202200000022100012220222222202222222220222222222222222220022222002220002222202221002220122222222020222220222222212002002220020220221222221010011111111111111111011111101111011111111201111112101111200112122011101000000202122222222011101102111000001100
000000010022000000201202211000122100012220222222202222222220222222222222222220022222002220002222202220002220122222222020222220222222212002002120020220220222221020022222222222222222020222202022021222222202202222202222200002011111102000000202222222222002212211011000100021
000000010022000000202202200000022100002220222222202222222220222222222222222220022222002220002222202220002220122222222020222220222222212002002220020220221222221020022222222222222222020222202022021222222202202222202222201002022111102000000202222222222002210000000010000201
010000010022000000201202201010122100012220222222202222222220222222222222222220022222012220002222202220002220122222222120222221222222212102002120020220220222221020022222222222222222020222202022020222222202212222202222200002022111102000000202222222222102201101111000100010
101111010022000000202202201000022100002220222222202222222220222222222222222220022222002220002222202220002220122222222020222220222222212102002220020220220222221020022222222222222222020222202022021222222202222222202222200002022122202000000202222222222102111111111000100110
000000010022000000202202200000122100012220222222202222222220222222222222222220022222002220002222202220002220121222222020222220222222212002002220020220220222221020022222222222222222020222202022021222222202202222202222201002022111102000000202222222222002200000000011001200
101111110022110000201202201000022100002220222222202222222220222222222222222220022222002220002222202220002220122222222020222220222222212112002220020220220222221020022222222222222222020222202022021222222202212222202222200002022022201000010202222222222112201101011000101210
010000010022000000202202200000222100012220222222202222222220222222222222222220022222002220002222202220002220122222222020222220222222212102002220020220220222222020022222222222222222021222202022021222222202212222202222200002022122202100000202222222222102200010000000000200
101111111022000000202202201000122100012220222222202222222220222222222222222220022222012220002222202220002220122222222120222221222222212102102220020220221222221020022222222222222222020222202022021222222202222222202222200002011122202000000202222222222102201101111000101110
000000010022000000201202200000122100012220222222202222222220222222222222222220122222002220002222202221002220122222222020222221222222212102002120020220221222222020022222222222222222020222202022021222222202212222202222200001000122202000000202222222222102200000011100000100
101111110022000000202202201000022100002220222222202222222220222222222222222220022222012220002222202220002220122222222120222221222222212002002220020220220222221020022222222222222222020222202022021222222202222222202222200002000122202000000202222222222002101111211000100110
000000011121110000000102101000000100102210222211111222111110111111111111111111011111101111001111111110012211112111111011221120111121111001001220110110220222221020122222222222222222120222202022120222222112202222202222110111011011111010000111211111111120000012011000002200
000000110022000000202202200000022100002220222222202222222220222222222222222220022222002220002222202220002220122222222020222220222222212002002120020220221222221020022222222222222222020222202022021222222202222222202222200001011122202000000202222222222002210000022010000100
010000010022000000202202201000122100012220222222202222222220222222222222222220022222002220002222202220002220222222222020222221222222212102002220020220222222221020022222222222222222020222202022021222222202222222202222200002000122201000000202222222222102201111211000200110
010000010022000000201202211020222100022220222222202222222220222222222222222220022222012220002222202220002220122222222120222220222222212202002120020220221222221020022222222222222222021222202022020222222202212222202222200002011122202000010202222222222202202201111000100020
101111111121110000201102201000122100012220222222202222222220222222222222222220022222002220002222202220002220121222222020222220222222212202002220020220220222221020122222222222222222120222202022121222222112202222202222100002022011101010000111211111111211111111011000101210
000000210121110000101102211000011100002220222222202222222220222222222222222220022222002220002222202220002220121222222020222220222222212012002220020220220222221020022222222222222222020222202022021222222202222222202222200002000111102000000202222222222002212211111000100120
000000010022000000202202211000122100012220222222202222222220222222222222222220022222002220002222202220002220222222222020222221222222212102002220020220220222221020022222222222222222020222202022021222222202222222202222200002000122202000000202222222222202202211111000200120
000000110022000000202202200000122100002220222222202222222220222222222222222220022222002220002222202220002220122222222020222220222222212102102220020220221222221020022222222222222222020222202022021222222202212222202222200002011111102000000202222222222002202100000000000210
000000010022000000212202200000122100012220222222202222222220222222222222222220022222002220002222202220001120121222222020112211222212212002002220020220110111122020022222222222222212020222202022021222222202202222202222200002000100002000000202222222222002201100011000000000
111111011121110000201102201000122100012220222222202222222220222222222222222220122222012220002222202220002220122222222120222221222222212202102220020220221222221020022222222222222222020222202022021222222202212222202222200002022122202000000202222222222202201101111000101110
000000010012000000212202200000122100012220222222202222222220222222222222222220022222002220002222202220001120121222222020122211222212212102002220020220221222222010011111111111111111010111101011011111111201101112101111211001000122202000000202122222222102100000022000000100
020000010022000000202202201000022100002220222222202222222220222222222222222220022222022220002222202220002220222222222220222221222222212002002220020220222222221020022222222222222222020222202022021222222202222222202222200002011122201000000202222222222002202111211000200110
000000110021110000102102200000011100002220222222202222222220222222222222222220022222002220002222202220001120121222222020112210222212212002002220020221110111121010011111111111111111010111101111011111111201111112101111200001100100001000000202122222222011101101111000100110
111111111121110000102102101010111111111110111111111211111110111111111111111111011111111111001111111110011111111111111111111111111111111111001120110110111111121010011111111111111111010111101111010111111201111112101111200112000111101000000202122222222111101101111001101110
000000010022000000202202200000222100022220222222202222222220222222222222222220022222002220002222202220002220122222222020222220222222212202002020020221220222222020022222222222222222020222202022021222222202202222202222200001011111102001101202222222222002110000022000002000
000000010022000000202202201000122100012220222222202222222220222222222222222220022222002220002222202221002220121222222020222220222222212112002120020220221222221020022222222222222222020222202022021222222202222222202222200002011122201000010202222222222102202101111000200110
000000010022000000201202210000022100002220222222202222222220222222222222222220022222002220002222202220002220122222222020222220222222212002002120020220221222221020022222222222222222020222202022021222222202212222212222200112011111102000000202222222222002112200001000000020
000000010022000000202202201000222100022220222222202222222220222222222222222220022222002220002222202220002220122222222020222220222222212002002220020220220222221020022222222222222222020222202022021222222202222222202222200001000122201100000202222222222002211001111110100001
101111000022000000201202211000022100002220222222202222222220222222222222222220022222002220002222202220001121122222222020112210222212212102002220120220110111121010011111111111111111010111101111011111111201101112101111200112122011101000000202122222222111102201011000201020
202222111112000000201202201000022100002220222222202222222220222222222222222220022222002220002222202221002220122222222020222220222222212102002221020220220222221020022222222222222222020222202022021222222202202222202222200002022022201000000202222222222111111111011000101110
000000010022000000202202201000122100012220222222202222222220222222222222222220022222002220002222202220002220122222222020222220222222212102002220020220220222221020022222222222222222020222202022021222222202222222202222200002011122202000000202222222222102211111111000100110
101111111121110000101102101000011110112210222211111222111110111111111111111111011111101111001111111110012210111111111011221121111121111011001220010110220222221020022222222222222222020222202022020222222202202222202222200002111122201000000202222222222111102101111000111110
000000010022000000202202201000122100012220222222202222222220222222222222222220022222002220002222202220002220122222222020222220222222212102102220020220221222221020022222222222222222020222202022021222222202222222202222200002022111102000010202222222222102202201211000200120
000000010022000000202202200000022100002220222222202222222220222222222222222220022222002220002222202221002220122222222020222221222222212102002120020221221222221010011111111111111111011111101111011111111201121112101111200001100111101001101202122222222111100002111000100100
101111110122000000202202200000122100012220222222202222222220222222222222222220022222002220002222202220002220122222222020222220222222212002002120020220220222221010011111111111111111010111101111011111111201101112101111200002000011101000000202122222222011111111111000101110
000000010022000000201202201000122100012220222222202222222220222222222222222220022222002220002222202220002220122222222020222221222222212202002220020220220222221020022222222222222222021222202022021222222202202222202222200002022122202000000202222222222102202111111000100110
000000010022000000202202201000122100012220222222202222222220222222222222222220022222002220002222202220002220122222222020222220222222212002102220020220222222221020022222222222222222020222202022021222222202222222202222200002000122202000010202222222222102202201211000200020
000000010022000000202202201000122100012220222222202222222220222222222222222220022222012220002222202220002220122222222120222221222222212102002221020220221222221020022222222222222222020222202022021222222202222222202222200002011122201000000202222222222102202111111000200210
000000110022000000201202200000022101002220222222202222222220222222222222222220022222002220002222202220002220122222222020222220222222212002002220020220220222221020022222222222222222020222202022021222222202202222202222200001011022202000000202222222222002210000000110000200
010000010022000000202202211000022100002220222222202222222220222222222222222220022222022220002222202220002220122222222220222220222222212002002220020220220222221020022222222222222222020222202022021222222202222222202222200002000122202000000202222222222002212211211000100021
000000010012000000212202200000122100012220222222202222222220222222222222222220022222002220002222202220002220122222222020212220222222212102002220020220121222222010011111111111111111010111101111011111111201111112111111211111022111111000000202122222222011100001122001001100
101111111122110000200202200010022100002220222222202222222220222222222222222220022222002220002222202220002220122222222020222220222222212002002120020220220222221020022222222222222222020222202022020222222202212222202222200002011022202000000202222222222011101101011000001110
000000010021110000100102111000011100001120111121101211111110112111111111111210011222002120002122202120002221221222222020222220222222212102001220110110220222221020022222222222222222020222202022021222222202202222202222200002011111102000000202222222222102212211111001201120
101111211111000000201202100000022110101110111111111211111110111111111111111111011111101111001111111110011110111111111011111110111111111011001220110110110111111010111111111111111111110111101111110111111111111112101111110111022011111010000111111111111020000012011000002000
202222212211110000101102201010111100012220222222202222222220222222222222222220022222002220002222202220001121120222222020112210222212212012001120010110000000021020022222222222222222020222202022020222222202202222202222200002000011102001101202222222222211101101011000011110
000000111111110000101102100000011100101110111111111211111110111111111111111111011111101111001111111110011110111111111011111110111111111001002210020220111111121010011111111111111111010111101111010111111101111112101111110111022011111000000111111111111011010012111001101200
000000010022000000201202211010222100022220222222202222222220222222222222222220022222002220002222202220002220122222222020222221222222212202002220020220220222221020022222222222222222020222202022020222222202212222202222200002011122202000000202222222222202202201111000100020
000000110122000000201202211010122100012220222222202222222220222222222222222220022222002220002222202220002220221222222020222220222222212102002120020220220222221020022222222222222222020222202022020222222202212222202222200002022111102000000202222222222002202201111000200020
000000010022000000202202201000222100012220222222202222222220222222222222222220022222012220002222202220002220122222222120222220222222212102002220020220220222221020022222222222222222020222202022021222222202212222202222200002011122201000000202222222222102211111111110100100
101111101111000000101102200000211100022220222222202222222220222222222222222220022222002220002222202222002220122222222020222220222222212202002211020220221222221010011111111111111111011111101111011111111201111112101111200002022111101000000202122222222211100012011000002200
111111111111110000101102100000011100001110111111101211111110111111111111111110011111011110001111101110001110111111111110111110111111111011002221020220111111121010011111111111111111010111101111011111111201111112101111200111100011101000000202122222222011101001111000101010
000000010022000000202202201000122100012220222222202222222220222222222222222220022222002220002222202220002220122222222020222220222222212102002120020220220222221020022222222222222222020222202022021222222202212222202222200002011122202000010202222222222102201101111000100110
101111211121110000101102201000011100002220222222202222222220222222222222222220022222002220002222202220002221122222222020222220222222212002001220110110220222221020022222222222222222020222202022021222222202202222202222200002022011101000000202222222222011111111011000101210
101111111111110000101102200000111100012220222222202222222220222222222222222220022222002220002222202220002220121222222020222220222222212002002120020220111111121010011111111111111111010111101111011111111201101112101111210001111000011000000202122222222011000001022000001200
000000010022110000201102201000022100002220222222202222222220222222222222222220022222002220002222202220002220121222222020222220222222212012002220020220220222221020022222222222222222020222202022021222222202202222202222200002000022202000000202222222222102211101111000100110
101111111112000000201202200000122100002220222222202222222220222222222222222220022222002220002222202220002220122222222020222220222222212002102220020220211111121010011111111111111111010111101111011111111201111112101111200002022111101000000202122222222011101101111000101110
000000010022000000201202211010022100002220222222202222222220222222222222222220122222012220012222202220002220222222222120222221222222212002002220020220221222221020022222222222222222020222212022020222222202212222202222200002000122202000000202222222222102202201111000211020
101111111022000000201202211000122101012220222222202222222220222222222222222220022222012220002222202220002220122222222120222220222222212112002220020220220222221020022222222222222222020222202022021222222202212222202222200002022122202000000202222222222112112201111000101120
000000010022000000202202200000022100002220222222202222222220222222222222222220022222002220002222202220001120122222222020112210222212212002002220020220110111121010011111111111111111010111101111011111111201121112101111200002122100001001101202122222222012101101111000100110
000000010022000000201202200000022100002220222222202222222220222222222222222220022222012220002222202220002220122222222120222220222222212002002120020220220222221020022222222222222222020222202022021222222202212222202222200002011122202000000202222222222102211100000000000011
000000010022000000200202201010122100012220222222202222222220222222222222222220022222002220002222202220002220122222222020222220222222212202002220020220220222221020022222222222222222020222202022020222222202202222202222200002022122202000000202222222222202201101111000100110
010000010021110000101102201000111100012220222222202222222220222222222222222220022222012220002222202220002220121222222120222221222222212112002221020220221222221020022222222222222222020222202022021222222202212222202222200002022111101100000202222222222002200001111100100200
202222212210220000000002100000000110101110111111111211111110111111111111111111011111101111001111111110011111111111111011111110111111111011001210110110110111111010111111111111111111110111101111110111111111101112101111110111022011111010000111111111111020000012011000001200
101111111121110000101102101000011111101110111111111211111110111111111111111111011111101111001111111110011111111111111011111110111111111011001220110110111111121010211111111111111111210111101111210111111021111112101111100111122011111020010010100000000011101101111000101210
000000010022000000201202200000222100022220222222202222222220222222222222222220022222002220002222202220002220122222222020222220222222212202002120020220220222222020022222222222222222020222202022021222222202202222202222200002011122202000000202222222222202111110011000011110
101111111122000000202202201000122100012220222222202222222220222222222222222220122222002220012222202220002220122222222020222221222222212102002220020220220222221020022222222222222222020222212022021222222202222222202222200002000111102000000202222222222102101101111000100210
202222112212000000200202200010122100012220222222202222222220222222222222222220122222002220012222202220002220122222222020222221222222212102002220020220220222221020022222222222222222020222212022020222222202202222202222200001022100002000000202222222222202100001011000001210
101111111121110000101102101000011110101110111112212211222220221222222222222121022111101211001211111210012211111111111011221120111121111001001211110110220222221020022222222222222222020222202022020222222202212222202222100002011000001000000202222222222111211111011000101210
101111110022000000201202211000122100012220222222202222222220222222222222222220022222012220002222202220002220121222222120222221222222212002002120020220220222221020022222222222222222020222202022021222222202212222202222200002000111102000000202222222222102102211011000100020
000000212211110000101102200000011110002220222222202222222220222222222222222220022222002220002222202220002221122222222020222220222222212002002220020220220222221020022222222222222222020222202022021222222202202222202222110001022022201000000202222222222211000002011010001200
010000010022000000202202211000122100012220222222202222222220222222222222222220022222012220002222202220002220122222222120222220222222212002002120020220221222221020022222222222222222020222202022021222222202222222202222200002011122202000000202222222222002212211211000100021
101111011022000000202202211010122100002220222222202222222220222222222222222220022222002220002222202220002220122222222020222220222222212102002220020220221222221020022222222222222222021222202022020222222202222222202222200002000122202000000202222222222202202201211000200020
000000010022000000202202200000222100012220222222202222222220222222222222222220022222002220002222202220002220122222222020222220222222212102002120020220220222222020022222222222222222020222202022021222222202222222202222200002011122202000000202222222222202211110000000000110
000000010022000000201202200000122100012220222222202222222220222222222222222220022222002220002222202220002220122222222020222220222222212102102221020220221222221020022222222222222222020222202022021222222202212222202222200001022122202000000202222222222102200001000111001200
000000010022000000200202201000022110002220222222202222222220222222222222222220022222002220002222202220002220120222222020222220222222212012002120020220220222221020122222222222222222120222202022121222222112202222202222200112022000001010010111211111111011102201211000200020
101111111121000000102202201000011100002220222222202222222220222222222222222220022222002220002222202220002220121222222020222220222222212002002220020220220222221020022222222222222222020222202022021222222202212222202222200002000022201000000202222222222111111111111000111110
000000010022000000202202200000222100022220222222202222222220222222222222222220022222002220002222202220002220121222222020222221222222212102102221020220221222222020022222222222222222020222202022021222222202212222202222200002011111102000000202222222222102200001011100001100
010000010022000000202202201000122100012220222222202222222220222222222222222220122222012220012222202220002220122222222120222221222222212102102220020220222222221020022222222222222222020222212022021222222202222222202222200002000122202000010202222222222102202201211000200020
101111111121110000100102201000011111002220222222202222222220222222222222222220022111001210001212101210002210112111111010222120111221112001002220020220220222221020022222222222222222020222202022021222222202202222202222200002011022201000000202222222222111111101011000101210
010000010022000000202202211000122100012220222222202222222220222222222222222220122222002220012222202220002220122222222020222220222222212102002220020220221222221020022222222222222222020222212022021222222202212222202222200002022122202000010202222222222102202201211000100020
000000010022000000212202200000122100012220222222202222222220222222222222222220022222002220002222202220001120122222222020122210222212212002002120020220220222221020022222222222222222020222202022021222222202212222202222200002000111102000000202222222222002210100022000000001
202222212211220000100102210000011101002220222221101222111110112111111111111210011222002120002122202120002220120222222020222220222222212022002220020220220222221020022222222222222222020222202022021222222202212222202222200002011011102000000202222222222111111201011000001020
202222212211110000101102101000011110101110111111111211111110111111111111111111011111101111001111111110011111111111111011111110111111111011001220110110110111121020022222222222222222020222202022020222222202212222202222100002011011101000000212222222222111111111111000111010
101111111121110000101102100000111110101110111111111211111110111111111111111111011111101111001111111110011111110111111011111110111111111101001220110110110111121010111111111111111111110111101111110111111111101112101111100111122011111010000111111111111111101101011000001110
010000010022000000202202201000022100002220222222202222222220222222222222222220022222012220002222202221002220122222222120222220222222212002002220020220222222221020022222222222222222021222202022021222222202222222202222200112000122201000010202222222222102201101111000100110
000000110022000000202202200000122100012220222222202222222220222222222222222220122222002220012222202220002220122222222020222221222222212102002220020220220222222020022222222222222222020222212022021222222202212222212222200001000122202000000202222222222102100000011000000100
000000010022000000202202211000222100012220222222202222222220222222222222222220022222002220002222202220002220122222222020222220222222212002002220020221220222221020022222222222222222020222202022021222222202222222202222200002000122202000000202222222222102112201111000100021
010000110022000000202202201000022100002220222222202222222220222222222222222220022222012220002222202220002220122222222120222220222222212002002220020220221222221020022222222222222222020222202022021222222202212222202222200002011111101100000202222222222002211001111100100100
