111101101111111000110111101111111211010110111112001001010011001110111101101110101000001000000000010000010201000000100000010001010101100100011110001000001120000010011200111111200001000110000000100000101001110100111000000111111101011101010001011111011110010000011101110010001111101000011010101110010120000102111101101001111101111110011110011120101111111110210010111110110110110110110111111100110101000001100101101001110112111120010012121
000001000000000010100010000101010210000000010112000000000000000110000101001000101020000202220002000022210201002022000000001000200121002100000100021002000022000010200200110110200220210100011000002000001010010100101100000222221200010102010001021112012021020000010100011000200110000000010020100120000220000000111001100001200000210020000010011000000210121000210021000100100010112012201000002200100200000000000020202001000001000000002110002
110001101111101010110111100111111211010110111111001001010011001110011101101010101010001101110001010011110101001011100000010001110111101110011110011001001011000110101100110110100110110100010000001000001000010100101100000111111100010101010001011111011011010000010101011010101101101000011010101110010120000001111101101001111101110110001110011110100110111010210011111100110010111011110111111100110110101010000111201001110011101010001110000
110011001001100110111111110110111211111111111112001001110011011110011101101010101020001202220002010122210211002122100001010001210121102100011110121102101022000010201200110110200220211100010011002010011000011110101000110212221200010102111101021112012020020111110101011000001101101000011010201210010120000001111112201001111111110110001120012110100110111010220010111200211021111011110111111100210100000000000111101001111011101010002110000
110011001001100110111111110110111211111111111112001011110011011110011101111011111121111212221112111122211211112122111111111111211121102101111111121002111022111011201200110100211220221100120111002110011100011111101111001222221210110112010011121112112021121000010101022101011101101000011020201210010220000001111102201001211101210121101120012110100210111010220020111201210020111011210111112211210200000000010111201001111010101021102210000
110011001001100110111111110111111211111111111112001001110011011110011101101010101020001202220002010122210211002122100001010001210121102100011110121102001022000010201200110110200220220100020011002000011000011110101000110222221200010102111101021112012020020111110111012000001101111110111121211211111221111011111112211111211101210120001120112110100210111011221120111200211021111011210111112200211200000000001111211101110011101010102210000
220011002112201110221212210220222122121221221221002002120022012210022102201020201010002101110001020111110111001111200001020002120111101100022120111101102011000010102100210110100110111100010011001011011000011110101000110111111100010101111101011111011010010111110102001000002102202000022010102110020120000002111211102001122212120210002210011220200120112020210011222100121010211011120222221100120100101000000212111102220022202020001121000
110001001111101010110111100111111211010110111112001001010011001110011101101010101020001202220002010022210201002022100000010001210121102100011110021002001022000010201200110110200220210100010000002000001010010100101100000121111100010101010001011111011011010000010101021000101101101000011020101110010220000001111101101001211101210120001110011110100210121010210021111100110010112012210111112210110210101010000121202001110011101020002110002
110001101111101010110111100111111211010110111112001001010011001110011101101010101010001101110001010011110201001011100000010001110111101110011110011001001021000010101200110110200110120100020000001000001010010100101100000121111100010101010001011111011011010000010101022000101101101000011020101110010220000001111101101001211101210120001110011110100210121010210021111100110010112012210111112200110210101010000121202001110012101010002120000
220001001111100010120212200120212212021220211111002002020022002110022101201010101010002101110001020011110101001011200000020002120111101100022120011001102011000110102100110110100110101100000010001010001000010100101000000111111100010101010001011111011010010000010101010010001101101000021010001010010120000001111100001001111111120110001100010110100120112010200011111000010000111010110111111100010110101010000111101001110011101010001011000
220001002112200010120212200121212212020220211111002002020022002110022101201010101010002101110001020011110101001011200000020002120111101100022120011101002011000010102100110110100110110100010000001000001000010100101000110111111100010101111101011111011010010111110101011000001101101000011010101110010120000001111111101001111101110110001110011110100110111010210011111100111010111011110111111100110100001000000111111101110011101010001120000
110011001111100110111111110110111211112111111111001001110011011110011101101010101010001101110001010111110111001111100001010001110111101100011110111001101011000010101101110110100110101100000021001010011000011110101000000000001000010000010001001100010000000011100101000000001101101000011000001010010020000001111110001000011111010100101100010110100010101010200000111010011000110010010111110000010000001000000101000001111011101010000011000
110001102110001010110111100111111211010110111111001001010011001110011101101010101010001101110001010011110101001011100000010001110111101100011110011001001011000110101100110110100110100100000000001000001000010100101000000010001000010100010001001110010000000000010101010010001101101000011010101110010120000002111101101001111101110110001110011120100110111010210011111100110010111011110111111100110110101010000111101001110011101010001011000
110001001001100010010111100011101201010110101001001001010011001010011100101000001010001101110001010011110101001011100000011001110111101100011110010101001011000000101100010000100110110000010000001000001000010100101100110111111100010101111101011111011011011111110110011000000100010110100111110111101121111010000011110111100000100010000010111000000100010001211110000100101011001001100000001100101100000000001010211100000000000011102100000
110001101111101010110111101111111211010110111110001001010111001110011101101010101000001000000000010000010001000000100000010001010101100100011110001000001000000010001000110110000000000100000000000000001000010100101000000111111100010101010001011111011010010000010101000010001101101000011010101110010120000001111101101001111101110110001110011110100110111010210011111100110010211011110111110100110110101010000111101002110012101010001021000
220001102111101010220212201221222222020220221222002002020022002210022102201020201010002101110001020011110201001011200000020002120111101100022120011001002021000010102200210110200110110100010000001000001000010100101000000121111100010101010001011111011011010000010102121010102102202000022020102110020220000002111201102001222202220220002210011220200220112020210021222100120010111011220222222200120210101010000212101001220022202020001111000
111101101111111010110111100111111211010110111111001001010011001110111101101110101010001101110001010011110101001011100000010001110111101110011110011101001111000010111100111111100111110110010000101000101001110100111000110111111101011101111101011111011110010111110111011010001101111110111111111111111121111011111111111111111101110110001110111110100110111011111110111100111010111011110111111100111100000100001111111101110011101010102111010
110001000000000010010111100011101201010110101001001011010011001010011100111001011121111212221112101022211101112022111110101110211021112101101101020002011012111001200100010000111220210000111100002100001110010101001111001212221210110112010011120012102021121000000010011101210000010110100111210221101121111010000002210111100000100011000020112000000100020001221112000201200021001002100000001101201100000000011010201000000000000002202100101
220001102112201010220212200221222122020220221221002002020022002210022102201020201010002101110001020011110101001011200000020002120111101110022120011001002011000010102100210110100110110100010000001001001010010100101100000111111100010101010001011111011011010000010102011010102102202000022010102110020120000002111201102001122202120210002210011220200120122020210011222100120010211011120222221100120110101010000212101002220022202020001121000
000001100110011000000010001001000200000000000001000000000000000010000100001000001000000000000000000000000201000000000000000000000101010100000100001000000020000010000200010110200000010100011000000000001010010100101100000121111100010101010001011111011011011000011100121010200110000000000020100110000220000101111001100001200000201020010010011010001201120100210020000100100110111110200000002200100201000001100020202000000100010110012101111
110001001111101000210111100210121221011110121220001001010011001210011102101020201010001101110001010011110001001011100000010001110111101100011110011001101001000110101000210110000110101100000010001010001000010100101000000111111100010101010001011111011010010000010101011010001101101000011000101110010020000001111101101001011111010100001110011110100010111010210001111100110010111011010111111000110110101010000111101001111011101020001111010
110001001001100010110111100111111211010110111112001001010011001110011101101010101020001202220002010022210201002022100000010001210121102100011110021002001022000010201200110110200220220100020000002000001010010100101100000222221200010102010001021112012021020000010101022000101101101000011020201210010220000001111102201001211101210120001120012110100210121010220021111200210020112012210111112210210210101010000121202001110011101010002210002
220001002112201010220212200221222222020220221222002002020022002210022102201020201020002202220002020022210201002022200000020002220121102100022120021002002022000010202200210110200220220100020000002000001000010100101100000222221200010102010001021112012021020000010102022010102102202000022020202210020220000002111202202001222202220220002220012220200220112020220021222200220020212011220222222210220210101010000222202002220022202020001220002
110001001001100010010111100011101201010110101001001001010011001010011100101000001020001202220002010022210101002022100000011001210121102100011110020002001012000000201100010000100220220000020000002000001010010100101100000202221200010102010001021112012021021000010100012000100100000000010020200210000220000000111002200001200000210020000020012000000210121000220021000200200020112012201000001200200200000000000020202000000000000000002200002
220011001001100110121212210121212212121221211112002002120022012110022101201010101020002202220002020122210211002122200001020002220121102100022120121102002022000010202200110110200220200100000011002000011000011110101000110111111100010101111101011111011010010111110101000000001101101000011010101110010120000001111111101001111101110110001110011110100110111010210010111100111010111011110111111100110100000000000111111101110011101010001110000
220001002112201010220212200221222222020220221222002002020022002210022102201020201020002202220002020022210201002022200000020002220121102100022120021002002022000010202200210110200220220100020000002000001000010100101100000222221200010102010001021112012021020000010102022010102102202000022020202210020220000002111202202001222202220220002220012220200220112020220021222200220020212011220222222200220210101010000222202002220022202020001220002
220001002112201010220212200221222222020220221222002002020022002210022102201020201020002202220002020022210201002022200000020002220121102100022120021002002022000010202200210110200220220100020000002000001000010100101100000222221200010102010001021112012021020000010102022010102102202000022020202210020220000002111202202001222202220220002220012220200220112020220021222200220020212011220222222200220210101010000222202002220022202020001220002
220001002112201010220212200221222222020220221222002002020022002210022102201020201020002202220002020022210201002022200000020002220121102100022120021002002022000010202200210110200220220100020000002000001000010100101100000222221200010102010001021112012021020000010102022010102102202000022020202210020220000002111202202001222202220220002220012220200220112020220021222200220020212011220222222200220210101010000222202002220022202020001220002
110021000000000200012010020000100201212012001001001000200011021010011100101000001010000101110001000211110121001211000002000000100111101100000100211001200011000010100101010100100110102000000022001020021000012020001000000000000000000000000001000000000000001000000000000000000000000000000000000000000010000000000000000000000020000000000001000000010000000000200000000010000000000000000000000000000000000000000000010100002000000000100001000
110001000000000010010111100011101201010110101001001011010011001010011100111001011111111111111111111011111101111011111110111111111111101101111111011001011011111101101100010000111110120000121100001100001110010101101111001222221210110112010011121112112021121000010111022101211101111110111121211211111221111010111102211111201101210121001120112100100210111011221122111201210020111011210111112201211200000000011111201000000000000001101200000
110001000000000010110111100111111211010110111112001001010011001110011101101010101020001202220002010022210201002022100000011001210121102100011110021002001022000010201200110110200220220100020000002000001010010100101100000222221200010102010001021112012021020000010101022000101101101000011020201210010220000000111102201001211101210120001120012100100210121010220021111200210020112012210111112200210210101010000121202001110011101000002210002
220021002002200210122212220121212212222222211112002002220022022110022101201010101020002202220002020222210221002222200002020002220121102100022120221102002022000010202200110110200220210100010022002000021000012120101000110222221200010102111101021112012020020111110101022000001101101000011020201210010220000002111112201001211101210120001120012120100210111010220020111200211020111011210111112200210200000000000111111101111011101020002110000
000001100110011000000010001000000100000000001000000000001000000010000100001000001000000000000000000000010001000000000000001000000101110100000100001000000000000110000010010110000000000100001000000000001010010100101100000010001000010100010001001110010001001000010100010010100100000000000010000010000120000000111000000001100000100010000000010000000100110000200010000010000000111010100000001100000100000000000010101000000000000100001001102
110001101111101010210111100211121221010110121221001001010011001210011102101020201010001101110001010011110101001011100000010001110111101100011110011001001011000110101100210110100110120100021000001000001010010100101100000111111100010101010001011111011011010000010101012010101101101000011010101110010120000001111101101001111101110110001110011110100110111010210011111100110010111011110111111100110110101010000111101001110011101010001110002
110001101111101010110111100111111211010110111111001001010011001110011101101010101010001101110001010011110101001011100000010001110111101100011110011001001011000110101100110110100110110100010000011000001000010100101100000111111100010101010001011111011011010000010101111010101101101000011010101110010120000001111101101001111101110110001110011110100110111010210010111100110010111011110111111110110100000000000111101001110011101010001111000
110001101111101010110111100111111211010110111111001001010011001110011101101010101010001101110001010011110101001011100000010001110111101100011110011001001011000010101100110110100110110100010000001000001000010100101100000111111100010101010001011111011011010000010101001010101101101000011010101110010120000000111101101001111101110110001110011100100110111010210011111100110010212011110111110100110110101010000121202002110012101000001120002
110001101111101010110111100111111211010110111112001001010011001110011101101010101010001101110001010011110201001011100000010001110111101100011110011001001021000010101200110110200110110100010000001000001010010100101100000101111100010101010001011111011011010000010100011000101101101000011000101110010020000001111001101001001101010100001110011110100010111010210001111100110010222022011111110000110110101010000021202002000002000010001120002
110001001111100010110111100111111211010110111111001001010011001110011101101010101020001202220002010022210101002022100000010001210121102100011110021002001012000010201100110110100220220100020000002001001010010100101100000111111100010101010001011111011011010000010101012000101101101000011010101110010120000001111101101001111111110110001110011110100110111010210011111100110010112011110111111100110110101010000121202001111011101010001220000
110001001111101010110111100111111211010110111112001001010011001110011101101010101010001101110001010011110201001011100000010001110111101100011110011001001021000010101200110110200110110100010000001000001000010100101100000121111100010101010001011111011011010000010111011000101101111110111111111111111121111011111101111111111101110110001110111110100110121011211111111100110010112012110111111100111100001000001121202001110011101010102110000
000001000000000010000010000001000200000000001001000010000000000010000100011001011111110111111111101011111101111011011110101110101111111101100101010001010011111101100100010000111110110000111100011100001110010101001111001111111110110111010011110011101011111000000000011101210000000000000010100110000120000000000001100001100000100011000010011000000100010000210010000101100010001001100000001101100100000000010010201000000000000001201100101
220001002112201010220212200221222222020220221222002002020022002210022102201020201020002202220002020022210201002022200000020002220121102100022120021002002022000010202200210110200220220100020000002000001000010100101100000222221200010102010001021112012021020000010102022010102102202000022020202210020220000002111202202001222202220220002220012220200220112020220021222200220020212011220222222200220210101010000222202002220022202020001220002
001101100110011000200010001201020220000000021221000000000100000210100102001120201000000000000000000000010101000000000000000000000101100100000100001010000110000010010100211111100001020110020000100000101001110100111000000111112101011101020001012111011110010000011102122010102102202000022010002010020120000102111200002001122202121210012200010220201121112120200010222010020100111110120222222100020111001001100202101001220122212120010112111
000002200220022000000020002000000200000000000000000000000100200010000100001000001000000000000000000000000000000000000000000000000001000000000100000010000000000000000001000000000000000000000000000000001000010000001000000000000000000100000000000010000000001000000000000010000010000000000000000010000020000000000000000001000000000000000001000001000000010000200000000020000000000000000000000000000000000000000000000000000000000100000002101
000000000000000010000010000001000200000000000000000000000100000010000100001000001010000101110001000011110001001011000000001000100111001100000100011001000001000100100001010000000110100000000000001000001010010000001100000111111100000101010001010011001011011000000000000010000010000000000000100110000020000000000001100001000000000000000010011000000000010000210000000100100010001001000000000000100000000000000010201000000000000000101000002
110001101111101010110111101111111211010110111112001001010011001110011101101010101020001202220002010022210201002022100000010001210121102100011110021002001022000010201200110110200220210100010000002000001010010100101100000121111100010101010001011111011011010000010101021000101101101000011020101110010220000002111101101001211101210120001110011120100210121010210021111100110010112012210111112200110211101010000121202001110011101020002110000
110001001001100010110111100111111211010110111112001001010011001110011101101010101020001202220002010022210201002022100000010001210121102100011110021002001022000010201200110110200220220100020000002000001010010100101100000222221200010102010001021112012021020000010101122000101101101000011020201210010220000001111102201001211101210120001120012110100210121010220021111200210020112011210111112200210210001010000121202001110011101010012210000
110001000000000010010111100011101201010110101001001001010011001010011100101000001010001101110001010011110101001011100000011001110111101100011110010001001011000000101100010000100110100000000000001000002000020100102000000010001000010100010001001110010000000000010100000000000100000000000010100110000120000000111001100001100000100010000010011000010100120000210010000100100010112010100000001100100100000000000020202000000000000000202000002
110001000000000010010111100011101201010110101001001001010011001010011100101000001010001101110001010011110101001011100000011001110111101100011110010001001011000000101100010000100110100000000000001000001000010100101100000111111100010101010001011111011011011000010110010000100100010110100111110111101121111010000001110111100000100010000010111000000100110001211110000100100010111011100000001100101100000000001010211100000000000011102000000
110001101111101010110111100111111211010110111111001001010011001110011101101010101010001101110001010011110101001011100000010001110111101100011110011001001011000110101100110110100110110100010000001000001000010100101100000111111100010101010001011111011011010000010101011010101101101000011010101110010120000001111101101001111101110110001110011110100110111010210011111100110010111011110111111110110110101010000111101001110011101010001110002
111101101111111000010111100011101201010110101001001001010011001010111100101100001010001101110001010011110101001011100000010001110111101100011110011001001111000110111100011001100111110010010000101000101001110100111000000111111101011101010001011111011110010000011100011010001111101000011010101110010120000100111001101001101101111110111110011100101111111110210010111100110110111110110111111100110100000001100101101010000100010110010101111
110001001111101010110111100111111211010110111111001001010011001110011101101010101010001101110001010011110101001011100000010001110111101100011110011001001011000110101100110110100110110100010000001001001010010100101100000111111100010101010001011111011011010000010111011010101101111110111111111111111121111011111101111111111101110110001110111110100110111011211111111100110010111011110111111100111100001000001111101001110011101010101110000
000001100110011010100010001101010210000000011110000000000100000110000101001010101000000000000000000000010101000000000000000000000101100100000100001000000010000110000100110110100000010100010000000000001000010100101100000111111100010101010001011111011011010000010101011010101101101000011010101110010120000001111101101001111101110110001110011110100110111010210011111100110010111011110111111100110110101010000111101001110011101010001111000
220001102111101010220212200221222222020220221222002002020022002210022102201020201010002101110001020011110201001011200000020002120111101110022120011001002021000010102200210110200110120100020000001000001000010100101100000222221200010102010001021112012021020000010102022010102102202000022020202210020220000002111202202001222202220220002220012220200220122020220021222200220020212011220222222200220210101010000222202002220022202020001220000
110001101111101010210111100211121221010110121221001001010011001210011102101020201020001202220002010022210101002022100000010001210121102110011110021002001012000010201100210110100220220100020000002000001010010100101100000222221200010102010001021112012021020000010102022010102102202000022020202210020220000001111202202001222202220220002220012210200220122020220021222200220020212012220222222200220210101010000222202002220022202010002220000
110001001001100010010111100011101201010110101001001001010011001010011100101000001020001202220002010022210101002022100000011001210121102100011110020002001012000000201100010000100220220000021000002000001010010100101100000222221200010102010001021112012021021000010100022000100100000000000020200220000220000000111002200001200000200020000020012000000200120000220021000200200020112012200000002200200200000000000020202000000000000010002200002
110011000000000110011111110011101201110111101001001001110011011010011100101000001010001101110001010111110111001111100001011001110111101100011110110101001011000100101100010000100110100000000001001000011000011110101000110111111100010101111101010011011010011111100110000000000000010110100111110111101121111010000011110111100000100010000010111000000100010001211110000100101011001001100000001100101100000000001010111100000000000001101000000
110011001001100110011111110010101201111111101001001001110011011010011100101000001010001101110001010111110111001111100001010001110111101100011110111001101011000100101101010000100110101000000011001010011000011010001000000101110100000001000001010001001010011000000000000000000000000000000000100110000020000001000001100000000000000000000011011010010000000000110000000100100010000000000000000000100000000000000000000010001000000000000001000
110001101111101000110111100110111211010110111110001001010011001110011101101010101010001101110001010011110001001011100000010001110111101100011110011001101001000110101000110110000110111100010000001010001000010100101000000101111100010101010001011111011010010000010101111010001101101000011000001010010010000001111100001001011101010100001100010110100010111010200001111000010000111010010111110000010010101010000101100011110011101000001111000
220011002001100110021212210021202202121221201002002002120022012010022100201000001020002202220002020122210211002122200001021002220121102100022120120002002022000000202200010000200220210000010011002000011000011110101000000121111100010101010001011111011010010000010100011000000100000000000020100110000220000001111001100001200000200020000010011010000200110000210020000100100010111010200000002200100200000000000010211100000000000010002100000
000001100110001010000010001001000200000000001000000000000100000010000100001000001010000101110001000011110001001011000000001000100111101100000100011001000001000010100000010110000110110100010000001000001010010100101100000111111100010101010001011111011011010000010100011010101101101000011010101110010120000000111101101001111101110110001110011100100110121010210011111100110010112012110111111100110110101010000121202002110012101000002120002
110001001111101010110111100111111211010110111110001001010011001110011101101010101010001101110001010011110001001011100000010001110111101100011110011001001001000010101000110110000110110100010000001000001000010100101100000101111100010101010001011111011011010000010101001010001101101000011000101110010020000000111101101001011101010100001110011100100010111010210001111100110010212011010111110000110010101010000111101012110012101000001120002
110001101111101010110111100111111211010110111112001001010011001110011101101010101010001101110001010011110101001011100000010001110111101100011110011001001011000010101100110110100110110100010000001000001000010100101100000111111100010101010001011111011011010000010101011010101101101000011010101110010120000001111101101001111101110110001110011110100110111010210011111100110010112011110111111110110110101010000121202002110012101010001120002
110001001111100010110111100111111211010110111112001001010011001110011101101010101020001202220002010022210201002022100000010001210121102100011110021002001022000010201200110110200220210100010000002000001010010100101100000121111100010101010001011111011011010000010101011000101101101000011010101110010120000001111101101001111101110110001110011110100110121010210011111100110010112012110111112110110210101010000121202001110011101010002120002
000001000000000010000010000001000200000000000001000000000000000010000100001000001010000101110001000011110101001011000000001000100111001100000100011001000011000100100100010000100110110000011000001000001010010100101100000111111100010101010001011111011011011000010100011000100100000000000010100110000120000000111001100001100000100010000010011000000100110000210010000100100010111011100000001100100100000000000010201000000000000000101100102
110001001001100010110111100111111111010110111112001011010011001110011101111011111121111212221112111022211201112022111110111111211121102101111111021002011022111011201200110110211220220100121100002100001110010101101111001222221210110112010011121112112021121000010101022101211101101000011020201210010220000001111102201001211101210121001120012110100210111010220020111201210020111012210111112201210200000000010111201001110011101011102210000
220001002002200010120212200121212212020220211111002002020022002110022101201010101020002202220002020022210101002022200000020002220121102100022120021002002012000010202100110110100220220100020000002000001010010100101100000212221200010102010001021112012021020000010101022010101101101000011010201210010120000001111102201001111101110110001120012110100110111010220011111200210020112012110111112100210110101010000121202001110011101000001220002
110001101111101000110111101110111211010110111110001001010011001110011101101010101000001000000000010000010001000000100000010001010101100100011110001000101000000010001000110110000000001100000000000010001000010100101000000000001000010000010001001100010000000000010101000010001101101000011000001010010020000001111100001000011111010100001100010110100010111010200001111010010000210010010111110000010010101010000101100002111012101010000021000
110001101111101010110111100111111211010110111111001001010011001110011101101010101010001101110001010011110101001011100000010001110111101100011110011001001011000110101100110110100110110100010000001000001000010100101100000111111100010101010001011111011011010000010111011010101101111110111111111111111121111010111101111111111101110110001110111100100110111011211111111100110010111011110111111100111100001000001111111101110011101010101110000
110011101111101110011111110011101201111111101001001001110011011010011100101000001010001101110001010111110111001111100001010001110111101100011110110011001011000000101100010000100110100000000011001000011000011110101000000010001000010100010001001110010000000000010101000000001101101000011010001010010120000001111100001001111101110110001100010110100110111010200010111000010000110010110111110100010100101000000101101001110012101010000011000
220011002002200110121212210121212212121221211112002002120022012110022101201010101020002202220002020122210211002122200001020002220121102100022120121102002022000010202200110110200220220100020011002000011000011110101000110222221200010102111101021112012020020111110111022000001101111110121121211211111221111011111112211111211101220120001120112110100220112011221120111200211021111011210111112200211200000000001111211101110011101020102210000
000001000000000010000010000001000200000000000001000000000000000010000100001000001010000101110001000011110101001011000000001000100111001100000100010001000011000000100100010000100110110000011000001000001010010100101100000111111100010101010001011111011011011000010100011000100100000000000010100120000120000000111001100001100000100010000010011000000100120000210010000100100010112012100000001100100100000000000020202000000000000000102100102
220011002112201110221212210220222222121221221222002002120022012210022102201020201020002202220002020122210211002122200001020002220121102100022120121002102022000010202200210110200220211100010011002010011000011110101000000222221200010102010001021112012020020000010102022000002102202000022020202210020220000002111202202001222212220220102220012220200220112020220021222200220020111011220222222200220210101010000212111101221022202020001221000
110010000000000100011111110010101201111111101000001001110011111010011100101000001000001000000000010100010011000100100001010001010101100100011110101000201000000110001001010100000000002000000011000020011000011010000000000000000000000000000000000000000000001000000000000010000000000000000000000000000020000001000000000000000020000000200001000010010000000000200000000010000000000000000000000000000000000000000000000000002000000010000001010
220001002112201010220212200221222222020220221222002002020022002210022102201020201020002202220002020022210201002022200000020002220121102100022120021002002022000010202200210110200220210100010000002000001000010100101000000111111100010101010001011111011010010000010102011010002102202000022010102110020120000002111201102001122202120210002210011220200120112020210011222100120010211011120222221100120110101010000212101002220022202020001120000
220001101111101010220212200221222222020220221221002002020022002210022102201020201010002101110001020011110101001011200000020002120111101100022120011001002011000010102100210110100110110100010000001000001000010100101000000111111100010101010001011111011010010000010102011010002102202000022010102110020120000002111201102001122212120210002210011220200120112020210011222100120010211011120222221100120110101010000212101002220022202010001121000
220001102112201010120212200120212212020220211111002002020022002110022101201010101010002101110001020011110101001011200000020002120111101100022120011001102011000010102100110110100110111100010000001010001000010100101000000111111100010101010001011111011010010000010102011010002102202000022010102110020120000002111201102001122212120210002210011220200120112020210011222100120010211010120222221100120110101010000212101002220022202020001121000
110001000001100010010111100011101201010110101002001001010011001010011100101000001020001202220002010022210201002022100000011001210121102100011110020002001022000000201200010000200220210000010000002000001010010100101100000222221200010102010001021112012021021000010100022000100100000000000020200220000220000001111002200001200000200020000020012010000200120000220020000200200020112012200000002200200200000000000020202000000000000010002200002
220011002112201110221212210220222222121221221222002002120022012210022102201020201020002202220002020122210211002122200001020002220121102100022120121002102022000010202200210110200220221100020011002010011000011110101000000212221200010102010001021112012020020000010102012000002102202000022010202210020120000002111202202001122222120210102220012220200120112020220011222200220020111011120222221100220110101010000212101001221022202020001221000
110001001111101010110111100111111111010110111111001001010011001110011101101010101010001101110001010011110101001011100000010001110111101100011110011001001011000110101100110110100110110100010000001000001000010100101100000111111100010101010001011111011011010000010111011010101101111110111111111111111121111011111101111111111101110110001110111110100110111011111111111100110010111011110111111100111100001000001011201001110011101010101110000
220001102112201010220212200221222222020220221222002002020022002210022102201020201020002202220002020022210201002022200000020002220121102100022120021102002022000010202200210110200220220100020000002000001000010100101000110222221200010102111101021112012021020111110112022000002102212110122121212211121221111012111212212111222202220220002220112220200220112021221121222200221020111011220222222200221200001100001212211101220021202020102220000
110001101111101010110111100111111211010110111112001001010011001110011101101010101010001101110001010011110201001011100000010001110111101100011110011001001021000010101200110110200110110100010000001000001010010100101100000121111100010101010001011111011011010000010101020010101101101000011020101110010220000002111101101001211101210120001110011120100210111010210021111100110010111011210111112200110210101010000111211101110012101020002020000
110001101111101010110111100111111211010110111111001001010011001110011101101010101010001101110001010011110101001011100000010001110111101100011110011001001011000110101100110110100110110100010000001000001000010100101100000111111100010101010001011111011011010000010101011010101101101000011010101110010120000001111101101001111101110110001110011110100110111010210011111100110010111011110111111100110110101010000111101001110011101010001110002
111111101111111110111111111111111211111111111222001001110011011110111101101110101010001101110001010111110211001111100001010001110111101100011110111001001121000010111200111111200111110110010011101000111001111110111000000121111101011101020001012111011110011000011101121010000110000000000020100110000220000101111001100001210000201020010010011010001201110100210020000110100110110110200000102200100201000001100001101000110110111120010101101
110000110000000011010010000002100201010010001000001000000011101010011100101000001000001000000000000000010001000000100000000000010100100000001000001010001000000100000000000000000000000001000000000000000000000000000000000000000000000000000000000000000000000000000000000010000000000000000000000000000010000000000000000000000000000000000001000000010000000000200000000000000000000000000000000000000000010000000000000010000000000000000002002
110001001000000010010111100011101201010110101001001001010011001010011100101000001020001202220002010022210101002022100000011001210121102100011110020002001012000000201100010000100220210000011000002000001010010100101100000121111100010101010001011111011011010000010100021000100100000000000020100110000220000001111001100001200000200020000010011010000200120000210020000100100010112012200000002200100200000000000020202000000000000010002100002
000001100110011000000010001000000200000000000000000000000100100010000100001000001000000000000000000000000001000000000000001000000101010000000100001010000000000100000001000000000000000000000000000000001000010000001000000000000000000000000001000000000000001000000000001010000010000000000000000010000010000000000000000000000000000000100001000000010000000000200000000010000000000000000000000000000000000000000000000010000000000000000102101
110011001111101110111111110110111211111111111111001011110011011110011101111011111121111212221112111122211111112122111111111111211121102101111111121002111012111011201100110110111220221100120111002110011100011111101111001111111110110111010011111111111011111000010102021101012102202000022020102110020220000001111201102001222212220221102210011210200220112020210020222101120010111011220222222211120100000000010212201001221021202011102210000
110011001111101110111111110110111211111111111112001001110011011110011101101010101010001101110001010111110211001111100001010001110111101110011110111001101021000010101200110110200110111100010011001010011000011110101000000111111100010101010001011111011010010000010101011000001101101000011010101110010120000001111101101001111111110110101110011110100110121010210010111100110010111010110111111110110100101000000111101001111012101010001111000
110001101110001011110010101111110011010010111110001000000011001110011101101010101000001000000000010000010001000000100000010001010101100100011110001000001000000110001000110110000000000100000000000000001000010100101000000000001000010100010001001110010000000000010101000010001101101000011000001010010020000001111100001000011101010100001100010110100010111010200001111000010000110010010111110000010010101010000101100001110011101010001012000
110001101111101010110111100111111211010110111111001001010011001110011101101010101010001101110001010011110101001011100000010001110111101100011110011001001011000110101100110110100110110100010000001000001000010100101100000111111100010101010001011111011011010000010101001010001101101000011010101110010120000000111101101001111101110110001110011100100110111010210011111100110010111011110111111100110110101010000111101001110011101000001110002
110001101111101010110111101111111211010110111110001001010111001110011101101010101000001000000000010000010001000000100000010001010101100100011110001000001000000110001000110110000000000100000000010000001000010100101000000111111100010101010001011111011010010000010101000010001101101000011010101110010120000001111101101001111101110110001110011110100110111010210010111100110010111010110111111100110100000000000111101001110011101010001011000
110000001001100010010111100011101201010110101000001001010011001010011100101000001010001101110001010011110001001011100000010001110111101100011110010001001001000000101001010000000110100000000000001000001000010000001000000101111100000101010001010011001010011000000100000000000000000000000000100110000020000001111001100001000000000000000010011010000000010000210000000100100010012012000000000000100000000000000020202000000000000010001000002
000001100000001001000010001000000200000000000000000000000000100010000100001000001000000000000000000000000000000000000000000000000001010000000100000010000000000000000001000000000000000000000000010000001000010000001000000000000000000000000000000000000000001000000100000010000010000000000000000010000020000001111000000000000000000000000001000010000000010000200000000010000000000000000000000000000000000000000000100000000000000110000002101
220001002002200010020212200021202202020220201002002002020022002010022100201000001020002202220002020022210201002022200000020002220121102100022120020002002022000000202200110110200220220100020000002000001000010100101100000222221200010102010001021112012021020000010101022000101101101000011020201210010220000001111002201001211101210120001120012110100210121010220021111200210020112012210111112200210210001010000121202001110011101020002210002
111101101111111010110111101111111211010110111111001001010111001110111101101110101010001101110001010011110101001011100000010001110111101100011110011001001111000110111100111111100111110110010000101000101001110100111000000111111101011101010001011111011110010000011102121010002102202000012000102110020020000101111201102001022202011200012210011210201011111120210000222110120110110110020222221000120011000001100202100011221121212110010111111
110001101110001010110111101111111211010110111111001001010011001110011101101010101010001101110001010011110101001011100000010001110111101100011110011001001011000010101100110110100110100100000000011000001000010100101000000010001000010100010000001110010001000000010101010000101101101000001010001010010120000001111100001001111101100110001100010110100100110010200010111000010000111010110111011100010100000000000111101001110011101010001011000
220011002112200110121212210121212212121221211112002002120022012110022101201010101010002101110001020111110211001111200001020002120111101100022120111101002021000010102200110110200110110100010011001000011000011110101000110111111100010101111101011111011010010111110101011000001101101000011010101110010120000001111111101001111101110110001110011110100110111010210010111100111010111011110111111100110100001000000111111101110011101020001110000
000001000000000010000010000001000200000000000002000010000000000010000100011001011111110111111111101011111201111011011110101110101011111101100101010001010021111001100200010000211110110000111100001100001110010101001111001111111110110111010011110011101011111000000010011101210000010110100111110121101121111010000001110111100000100011100010111000000100020001211110000101100011001002100000001101101100000000011010201000000000000002202100101
000001000110001010100010000101010210000000011111000000000100000110000101001010101020000202220002000022210101002022000000000000200121102100000100021002000012000010200100110110100220220100021000002000001010010100101100000121111100010101010001011111011011010000010101022000101101101000011020201210010220000001111102201001211101210120001120012110100210121010220021111200210020112012210111112200210210101010000121202001110011101000002220002
110001001111101010110111100111111111010110111111001001010011001110011101101010101010001101110001010011110101001011100000010001110111101100011110011001001011000110101100110110100110100100000000011000001000010100101000000101111100010101010001011111011010010000010101001010001101101000011010101110010120000001111101101001111101110110001110011110100110111010110010111100110010111011110111110100110000000000000111101001110011101010001110002
110001001111100010110111100111111211010110111111001001010011001110011101101010101020001202220002010022210101002022100000010001210121102110011110021002001012000010201100110110100220220100020000002000001010010100101100000111111100010101010001011111011011010000010101022000101101101000011010101110010120000001111101101001111101110110001110011110100110121010210011111100110010112012110111111100110110101010000121202001110011101010002220000
000001000000000010100010000101010210000000011112000000000000000110000101001010101020000202220002000022210201002022000000000000200121102100000100021002000022000010200200110110200220220100021000002000001010010100101100000222221200010102010001021112012021020000010101012000101101101000011020201210010220000001111102201001211101210120001120012110100210121010220021111200210020112012210111112200210210001000000121202001110011101010002220002
001101100110011000000010001001000200000000001001000000000100000010100100001100001000000000000000000000010101000000000000000000000101100100000100001000000110000110010100011001100001000010000000110001101011110100111100000111111101011101010000010011011111011000010100110010100110000000000010100110000120000001111001100001100000100010000010011011000100110000210010000110100010011010100000001100100101000000000010101010000000000100001001101
000011100110011111001010011002000200100001001000000100100000110010000100001000001000000000000000000100000011000100000001001000000101000100000100101010000000000100000001010000000000000000000001010000011000011010000000000000000000000000000000000000000000001000000000000000000000000000000000000000000010000000000000000000000000000000000001000000010000000000200000000010000000000000000000000000000000000000000000000010000000000000000002001
220011002111100110121212210120212112121221211111002002120022012110022101201010101010002101110001020111110111001111200001020002120111101100022120111001102011000010102100110110100110111100010011001010011000011110101000000111111100010101010001011111011010010000010101011000001101101000011010101110010120000001111101101001111111110110001110011110100110111010210010111100110010111010110111111100110100101000000111101001110012101010001111000
111101001111101000110111100110111211010110111111001001010011001110111101101110101010001101110001010011110101001011100000010001110111101100011110011001001111000110111100101111100111110110010000101000101001110100111000000111111101011101010000011111011110011000011101011010100110000000010010100110000120000100111001100001100000111010010010011001001111111100210010000100100110111110100000001100100100000001100100101010000100010100010101111
110001101111101010010111100011101101010110101001001001010011001010011100101000001010001101110001010011110101001011100000011001110111101100011110011101001011000110101100010110100110100100000000001001001010010100101100110111111100010101111101011111011011010111110100000000101101101000001010101110010120000000111111101001101101100110001110011100100100110010210011111100111010111011110111011100110100001000000111101011000001000000001010000
220001002112201010220212200221222222020220221222002002020022002210022102201020201020002202220002020022210201002022200000020002220121102100022120021002002022000010202200210110200220220100020000002000001000010100101100000222221200010102010001021112012021020000010102022010102102202000022020202210020220000002111202202001222202220220002220012220200220112020220021222200220020111011220222222210220210101010000212211102220022202020001220000
110010011111100111011111110012101201111111101000001001110011111010011100101000001000001000000000010100010010000100100001011001010001100100011110100010001000000000001001010000000000000000000011000000011000011010000000000000000000000000000000000000000000000000000000000000000000000000000000000000000010000000000000000000000000000000000001000000010000000000200000000000000001000000000000000000000000000000000000000010001000000000000001000
110001001001100011110111100111111211010110111110001011010011001110011101111011111111111111111111111011111001111011111110111111111111101101111111011001011001111111101000110110011110110100111100001100001110010101101111001111111110110111010011111111111011111000010111001101211101111110111111111111111121111011111101111111111101110111001110111110100110111011211110111101110010111011110111111101111100000000011111201001110010101011101110001
000001100110011010000010001001000200000000001001000000001000000010000110001000001000000000000000000000010101000000000000000000000101100100000100001000000010000010000100010110100000010100011000000000001020010100101200000010001000010200010001001120010002000000010100110010200110000000000010000010000120000001222000000001100000100010000000010010000100120000200010000010000000111010100000001100000101000000000020202000000000000100002001101
001101100110011001000010001000000100000000001000000000000100100010100100001100001000000000000000000000010001000000000000000000000101100000000100001010000100000010010000001111000001000110000000100000101001110000011000000000000001001000000000000000000100001000001100100010000010000000000000000010000020000100111000000000000000001000010001010001001001100100200000000010000100000100000000000000000001000001100000000010000100010100010002111
000001100110001000100010000100010210000000011111000000000100000110000101001010101010000101110001000011110101001011000000000000100111101100000100011001100011000110100100110110100110111100010000011010001000010100101000000111111100010101010001011111011011010000010101011010001101101000011010101110010120000002111101101001111111110110101110011120100110111010210010111100110010111011110111111100110100000000000111101001110011101010001111000
220001101111101011220212200221222222020220221220002002020022002210022102201020201010002101110001020011110001001011200000020002120111101100022120011001002001000010102000210110000110110100010000001000001000010100101000000111111100010101010001011111011010010000010102021010002102202000022010102110020120000002111201102001122202120210002210011220200120112020210011222100120010211011120222221100120110101010000212101002220022202010001121000
220011002112201110121212210120212212121221211112002002120022012110022101201010101020002202220002020122210211002122200001020002220121102100022120121002102022000010202200110110200220211100010011002010011000011110101000000212221200010102010001021112012020020000010102012000002102202000022010202210020120000001111202202001122212120210102220012210200120112020220011222200220020111010120222221100220100101010000212101001221022202010001221000
000011000110001110101010010101010210101001011112000000100000010110000101001010101010000101110001000111110211001111000001000000100111101100000100111101000021000010100200110110200110110100010011001000011000011110101000110111111100010101111101011111011010010111110101011000001101101000011010101110010120000001111111101001111111110110001110011110100110111010210010111100111011111011110111111100110100001000000111101001110011101010002110000
000001100110011000000010001001000200000000001000000000000000000010000100001000001000001000000000000000010001000000100000000000010101100100001100001000001000000010000000010110000000000100000000000000001000010100101000000020001000010100010001001110010000000000010100011010101101101000011020101110010220000002111101101001201101210120001110011120100210121010210022111100110010222022211111112200110210102010000121202002000002000020002021000
110001001001100010110111100111111211010110111112001001010011001110011101101010101020001202220002010022210201002022100000010001210121102100011110021002001022000010201200110110200220220100020000002000001010010100101100000222221200010102010001021112012021020000010101022000101101101000011020201210010220000001111102201001211101210120001120012110100210121010220021111200210020112012210111112210210210101010000121202001110011101010002210002
110011001001100110011111110010101201111111101002001001110011011010011100101000001010002101110001020111110211001111200001020002120111101100022120110001102021000000102200010000200110101000000011001010011000011010001000000111111100000101010001010011001010010000000100010000000000000000000010100110000120000001111001100001100000100010000010011010000100010000210010000100100011011010100000001100100100000000000010101000001000000010000000000
220001101111101011120212200121212112020220211220002002020022002110022101201010101010002101110001020011110001001011200000020002120111101100022120011001002001000010102000210110000110120100020000001000001000010100101000000111111100010101010001011111011010010000010102012010002102202000022010102110020120000001111201102001122202120210002210011210200120112020210011222100120010211011120222221100120110101010000212101002220022202010001221000
110001101111101010110111100111111211010110111112001001010011001110011101101010101010001101110001010011110101001011100000010001110111101110011110011001001011000010101100110110100110110100010000001000001000010100101100000111111100010101010001011111011011010000010101011010101101101000011010101110010120000001111101101001111101110110001110011110100110121010210011111100110010112012110111111100110110101010000121202002110012101010002120000
110001001111101010110111100111111211010110111111001001010011001110011101101010101010001101110001010011110101001011100000010001110111101100011110011001001011000110101100110110100110110100010000001000001000010100101100000111111100010101010001011111011011010000010101011010101101101000011010101110010120000001111101101001111101110110101110011110100110111010210011111100110010111011110111111110110110101010000111101001110011101010001111000
220001002002200010120212200121212212020220211112002002020022002110022101201010101020002202220002020022210201002022200000020002220121102100022120021002002022000010202200110110200220210100010000002000001000010100101100000222221200010102010001021112012021020000010101021000101101101000011020201210010220000002111102201001211101210120001120012120100210121010220021111200210020112012210111112200210210101010000121202001110011101020002110002
110001101111101000210111101210121221010110121221001001010011001210011102101020201000001000000000020000010101000000100000020002010101100100022120001000101010000010002100210110100000001100000000000010001000010100101000000111111100010101010001011111011010010000010102011010002102202000022010102110020120000002111201102001122212120210102210011220200120112020210011222100120010211010120222221100120110101010000212101002220022202020001021000
220001001002200010120212200121212212020220211112002002020022002110022101201010101020002202220002020022210201002022200000020002220121102100022120021002002022000010202200110110200220210100010000002000001000010100101100000111111100010101010001011111011011010000010101011000001101101000011010201210010120000001111102201001111101110110001120012110100110111010220011111200210020112011110111111110210110101010000121202001110011101010001110002
220001002112201010220212200120222222020220221222002002020022002210022102201010201020002202220002020022210201002022200000020002220121102110022120021002102022000010202200210110200220211100010000002010001000010100101000000111111100010101010001011111011010010000010102011010002102202000022010102110020120000002111201102001122212120210002210011220200120122020210011222100120010211011120222121110120110101010000212101002220022202020001121000
220001002112200010120212200121212212020220211112002002020022002110022101201010101020002202220002020022210201002022200000020002220121102100022120021002002022000010202200210110200220220100020000002000001010010100101100000121111100010101010001011111011011010000010101021000101101101000011020101110010220000002111101101001211101210120001110011120100210121010210021111100110010112011210111112200110210101010000121202001111011101010001110002
110001000000000010110111100111111211010110111112001011010011001110011101111011111121111212221112111022211201112022111110111111211121102101111111021002011022111011201200110110211220210100111100002100001110010101101111001121111110110111010011111111111011111000010111011101211101111110111121111111111221111011111101111111211101210121001110111110100210121011211120111101110011111012210111112201111200000000011111201001110010101011102110000
110001101111101010210111101211121221010110121221001001010111001210011102101020201010001101110001010011110101001011100000010001110111101100011110011001001011000110101100210110100110110100010000001001001010010100101100000101111100010101010001011111011011010000010102011010102102202000022010102110020120000001111201102001122202120210002210011210200120112020210011222100120010111011120222221100120110101010000212101011220021202000001111000
000001100000000011000010000000000200000000001000000010000000000010000100011001011101110010001110101000011001110000011110101110001101110101100101001000010000111201000000010000011000000000101100000100001110010101001111001010000010110110000011100110100001101000000000010101210000000001000010000010000120000000000000000001100000100011000000010000000100010000200010000011000000001001100000001101000100000000010010201000000000000001201000101
110001000001100010010111100011101201010110101002001011010011001010011100111001011121111212221112111022211201112022111110111111211021102101111111020002011022111001201200010000211220210000110100002100001110010101101111001222221210110112010011120112112021121000010101021101210100000000010020200210000220000001000102200001210000210021000020012010000210111000220020000201200021111012200000002201200200000000010010201000110010101011102100100
110001001111100010110111100111111211010110111112001001010011001110011101101010101020001202220002010022210201002022100000010001210121102100011110021002001022000010201200110110200220220100020000002000001010010100101100000222221200010102010001021112012021020000010101022000101101101000011020201210010220000001111102201001211101210120001120012110100210121010220021111200210020112012210111112200210210001010000121202001110011101010002210002
000001100110001000000010001000000200000000000001000000000000000010000100001000001000001000000000000000010100000000100000000000010101110100001100001000001010000010000100010110100000000100001000000000001010010100101200000010001000010200010001001120010002000000010100120010100110000000000010000010000120000001111000000001100000100010000000010010000100120000200010000010000000111010100000001100000100000000000020202000000000000110002001101
220001002112201010220212200221222222020220221221002002020022002210022102201020201020002202220002020022210101002022200000020002220121102100022120021002002012000010202100210110100220220100020000002000001000010100101100000212221200010102010001021112012021020000010102022010102102202000022010202210020120000002111202202001122202120210002220012220200120112020220011222200220020212011120222221110220110101010000222202002220022202020001220002
110001001110001010110111100111111111010110111111001001010011001110011101101010101010001101110001010011110001001011100000010001110111101100011110011001001001000010101000110110000110110100010000001000001000010100101100000111111100010101010001011111011011010000010101021010101101101000011010101110010120000002111101101001111101110110001110011120100110111010210011111100110010212011110111111100110110101010000121202002110012101010001120002
110001001001100010010111100011101201010110101001001001010011001010011100101000001010001101110001010011110101001011100000010001110111101100011110010011001011000000101100010100100110110100010000001000001010010100101100000010001000010200010000001120010001000000010100010000100100000000000010000010000120000001111000000002100000100010000000010010000100120000200010000000000000112010100000001100000100000000000020202000000000000010002100002
110011001000000110011111110011101201111111101001001001110011011010011100101000001010001101110001010111110110001111100001011001110011111100011110110001001011000000101100010000100110100000000011001000011000011110101000000111111100000101010001010111001010011000010100000000000100000000000010100110000120000000000001100001100000100010000010011000010100110000210010000100100011011010100000001100100100000000000010201000000000000010101000000
110001001111100010110111100111111211010110111111001001010011001110011101101010101020001202220002010022210101002022100000010001210121102100011110021002001012000010201100110110100220210100010000002000001010010100101100000111111100010101010001011111011011010000010101011000101101101000011010101110010120000001111101101001111101110110001110011110100110121010210011111100110010112012110111111100110110101010000121202001110011101010002120002
110001001111101010110111100111111211010110111112001001010011001110011101101010101020001202220002010022210201002022100000010001210121102100011110021002001022000010201200110110200220210100010000002000001010010100101100000121111100010101010001011111011011010000010101021000101101101000011020101110010220000001111101101001211101210120001110011110100210111010210021111100110010111011210111112210110210101010000111211101110011101010002120000
220001001001100010120212200121212112020220211112002002020022002110022101201010101020002202220002020022210201002022200000020002220121102100022120021002002022000010202200110110200220200100000000002000001000010100101000000111111100010101010001011111011011010000010101011000001101101000011010101110010120000001111101101001111111110110001110011110100110111010110011111100110010112011110111111100110110101010000121202001110011101010001210000
110001101111101010110111101111111211010110111111001001010011001110011101101010101010001101110001010011110101001011100000010001110111101100011110011001001011000010101100110110100110110100010000011000001000010100101100000010001000010100010000001110010001000000010101011010101101101000011010001010010120000001111100001001111101110110001100010110100110111010200010111000010000111010110111111100010100000000000111101001110011101010011111000
220001001001100010120212200121212212020220211111002002020022002110022101201010101020002202220002020022210101002022200000020002220121102100022120021002002012000010202100110110100220220100020000002000001010010100101100000222221200010102010001021112012021020000010101022000101101101000011020201210010220000002111102201001211101210120001120012120100210121010220021111200210020112012210111112200210210101010000121202001110011101020002210002
111111101111111110111111111111111111111111111111001001110011011110111101101110101000001000000000010100010111000100100001010001010101100100011110101010001110000110011100111111100001000110000011100000111001111110111000000000001001011000010001001100010100000000011101000010001111101000011000001000010010000101111100001000011101011100011100010110101011101110200000111010010100110110010111110000010101000001100101000011110110111100010012111
000001000000000010000010000001000200000000000001000000000000000010000100001000001010000101110001000011110101001011000000000000100111011100000100011001000011000100100100010000100110100000000000001000001010010100101100000010001000010100010001001110010001001000010100010000100110000000000010100110000120000001111001100001100000100010000010011010000100110000210010000100100010111011100000001100100100000000000010201000000000000020001000102
110001001111101010110111100111111211010110111111001001010011001110011101101010101010001101110001010011110101001011100000010001110111101100011110011001001011000010101100110110100110110100010000001000001000010100101100000111111100010101010001011111011011010000010101011010101101101000011010101110010120000001111101101001111111110110101110011110100110111010110011111100110010111011110111111110110110101010000111202001110011101010001120010
220001102112201011220212201221222122020220221220002002020022002210022102201020201000002000000000020000010001000000200000020002020101100100022120001000002000000010002000210110000000000100000000000000001000010100101000000000001000010100010001001110010000000000010102000010002102202000022010002010020120000002111200002001122202120210002200010220200120112020200011222000020000210010120222220100020110101010000212101002220022202020001122000
110001101111100010110111101111111211010110111112001001010011001110011101101010101020001202220002010022210201002022100000010001210121102100011110021002001022000010201200110110200220220100020000002000001010010100101100000222221200010102010001021112012021020000010101022000101101101000011020201210010220000001111102201001211101210120001120012110100210121010220021111200210020112012210111112200210210101110000121202001110011101000002210002
220001002112201010220212200221222222020220221222002002020022002210022102201020201020002202220002020022210201002022200000020002220121102100022120021002002022000010202200210110200220220100020000002000001000010100101100000222221200010102010001021112012021020000010102022010102102202000022020202210020220000002111202202001222202220220002220012220200220112020220021222200220020212011220222222200220210101010000222202002220022202020001220002
220001102112201010220212200221222222020220221221002002020022002210022102201020201010002101110001020011110101001011200000020002120111101110022120011001002011000010102100210110100110110100010000001001001010010100101100000111111100010101010001011111011011010000010102011010102102202000022010102110020120000002111201102001122202120210002210011220200120122020210011222100120010211011120222221100120110101010000212101002220022202020001121000
220011002112201110121212210121212212121221211111002002120022012110022101201010101010002101110001020111110211001111200001020002120111101100022120111001002021000010102200110110200110100100000011001000011000011110101000000000001000010100010001001110010000000000010101000000001101101000011010101110010120000002111101101001111101110110001110011120100110111010210010111100110010110010110111111100110100101010000101101001110012101020000011000
110001101111101010210111100211121221010110121222001001010011001210011102101020201010001101110001010011110201001011100000010001110111101100011110011001001021000010101200210110200110120100021000001000001010010100101100000222221200010102010001021112012021020000010101022010101101101000011020201210010220000001111002201001201101210120001120012110100210121010220022111200210020122022211111012200210210102010000120202002000001000020002220002
110011001001100110011010210021100201111111201002001000100011011010011100101000001010001101110001020111110210001111100001021002110011101100021120110001001021000000102200010000200110100000000011001000011000011110101000000111111100000101010001010111001010010000010100000000000100000000000010100110000120000000111001100001100000100010000010011000000100110000210010000100100010011010100000001100100100000000000010211100000000000010002000000
110001000000000000010111100010101201010110101001001001010011001010011100101000001010001101110001010011110101001011100000010001110111101100011110011001101011000010101101010100100110111000010000001010001000010000001000000000000000000000000001000000000000001000000100011010000000000000000000100110000020000001111001100000000010000000100011011010000000010000210000000100100010000000000000000000100000000000000000100000000000000010010101010
000002110220012010000020001001000200000000000001000000001000000010000110001000001000000000000000000000000100000000000000001000000001010100000100000010000010000000000100020000100000000000000000000000000000000000000000000000000000000200000000000020000000000000000000000000100010000000000000000010000020000000000000000001000000000000000000000001000000020000200000000010000000000000000000000000000000000000000000000000000000000100000002101
220011001112200110021010110011200202121221101001002000100022012010022100201000001010002101110001020111110110001111200001020002120011101100022120110101002011000000102100010000100110100000000011001000011000011110101000110111111100010101111101011111011010010111110101000000001101101000011010101110010120000001111111101001111101110110001110011110100110111010210010111100111010111011110111111100110100000000000111111101110011101020000010000
220021002112200210122212220121212212222222211112002002220022022110022101201010101020002202220002020222210221002222200002020002220121102100022120221002002022000010202200110110200220200100000022002000021000012120101000000121111100010101010001011111011010010000010101010000001101101000011020101110010220000001111101101001211101210120101110011110100210111010210020111100110010111010210111112200110200000000000111211101110011101020000010000
110001000000000010010111100010101201010110101001001001010011001010011100101000001000001000000000010000010100000000100000010001010101100100011110001010001010000010001100010110100000000100000000000000001000010100101000000010001000010100010000001110010000000000010100000000000100000000000010000010000120000001111000000001100000100010000000010010000100110000200010000000000000111010100000001100000100000000000010201000000000000010001001002
220011002112201110221212210221222222121221221222002002120022012210022102201020201020002202220002020122210211002122200001020002220121102100022120121002002022000010202200210110200220220100020011002000011000011110101000000222221200010102010001021112012020020000010102022000002102202000022020202210020220000002111202202001222202220220002220012220200220112020220021222200220020211011220222222200220210101010000212201002220022202020001220000
000001100110001010100010000101010210000000011111000000000000000110000101001010101010000101110001000011110101001011000000000000100111101100000100011001000011000110100100110110100110110100010000001000001010010100101100000111111100010101010001011111011011010000010111011010101101111110111111111111111121111011111101111111111101110110001110111110100110111011211111111100110010111011110111111100111100001000001111201001110011101011101110000
110001001111100010110111100111111211010110111112001001010011001110011101101010101020001202220002010022210201002022100000010001210121102100011110021002001022000010201200110110200220210100010000002000001010010100101100000222221200010102010001021112012021020000010101021000101101101000011020201210010220000000111102201001211101210120001120012100100210121010220021111200210020112012210111112200210210101010000121202001110011101000002110002
001101100110011001000010001000000200000000001000000000000100100010100100001100001000000000000000000000010001000000000000000000000101100000000100001010000100000110010000001111000001000010000000100000101001110000011000000000000001001000000000000000000100001000001100100010000010000000000000000010000020000100111000000000000000001000010001010001001001100100200000000010000100000100000000000000000001000001100000000010000100010100010002101
110001001001100010010111100011101201010110101002001001010011001010011100101000001020001202220002010022210201002022100000011001210121102100011110020002001022000000201200010000200220210000010000002000001010010100101100000212221200010102010001021112012021020000010101011000100100000000000010200210000120000000111002200001110000100010000020012000000100120000220010000200200020112012100000001100200100000000000020202000110010101000002110002
220011000001100110021111110011201202121121101002002001110022012010022100201000001010002101110001010111110210001111200001011001120011101100012110110001002021000000101200010000200110100000000011001000011000011110101000000121111100010101010001011111011010011011110110100000000100010110100121110111101221111010111011110111200000200020000010111000000200110001211120000100101010011011200000001200101200000000001010211100000000000010102000000
220001002112201010220212200221222222020220221221002002020022002210022102201020201020002202220002020022210101002022200000020002220121102100022120021002002012000010202100210110100220220100020000002000001000010100101100000212221200010102010001021112012021020000010102012010002102202000022010202210020120000001111202202001122202120210002220012210200120112020220011222200220020212011120222221110220110101010000222202002220022202010001220002
110001101111101010110111100111111211010110111111001001010011001110011101101010101010001101110001010011110101001011100000010001110111101100011110011001001011000010101100110110100110110100010000001000001010010100101100000121111100010101010001011111011011010000010101021010101101101000011020101110010220000002111101101001211101210120001110011120100210121010210021111100110010112011210111112200110210101010000121202002110012101010002120002
220001002112200010120212200121212112020220211111002002020022002110022101201010101010002101110001020011110101001011200000020002120111101110022120011001002011000010102100110110100110110100010000001000001000010100101000000111111100010101010001011111011010010000010101001010001101101000021010101110010120000001111101101001111101120110001110011110100120122010210011111100110010212011110111111100110110101010000121202002110012101010001120000
110001001000000000010111100010101201010110101001001001010011001010011100101000001010001101110001010011110101001011100000010001110111101100011110011001101011000110101100110110100110111000010000001010001000010100101100000111111100010101010001011111011011011000010101011010000100000000000010100110000120000000111001100001100010100010000010011000000100110000210010000100100010111010100000001100100100000000000010101000001000000000001100000
000001001111101010200111100211021220000100121111000001010000000210000102001010201020000202220002010022210101002022000000010001200121102100010110021002000012000010201100110110100220220100021000002000001010010100101100000212221200010102010001021112012021020000010101012000101101101000011010201210010120000001111102201001111101110110001120012110100110121010220011111200210020112012110111111100210110101010000121202002110011101010002220002
000001000000000010000010000001000200000000000002000000000000000010000100001000001020000202220002000022210201002022000000001000200121002100000100020002000022000000200200010000200220210000011000002000001010010100101100000222221200010102010001021112012021021000010100021000200100000000000020200220000220000000111002200001200000200020000020012000000200120000220020000200200020112012200000002200200200000000000020202000000000000010212100102
110001001111101010110111100111111211010110111111001001010011001110011101101010101010001101110001010011110101001011100000010001110111101100011110011001001011000010101100110110100110110100010000001000001000010100101100000111111100010101010001011111011011010000010101021010101101101000011010101110010120000002111101101001111101110110001110011120100110111010210011111100110010212011110111111100110110101010000121202002110012101010001120002
110001110110011010010010001001100201010010001001001000000011001010011100101000001000000000000000000000010101000000000000000000000101100100000100001000000010000010000100010110100000010100011000000000001010010100101200000020001000010200010001001120010002000000010100020000100100000000000020000010000220000001111000000002200000200020000000010010000200120000200020000000000000112010201000002200000200000000000020202000000000000110002000102
220001002002200010220212200221222222020220221222002002020022002210022102201020201020002202220002020022210201002022200000020002220121102100022120021002002022000010202200210110200220220100020000002000001010010100101100000212221200010102010001021112012021020000010101011010101101101000011010201210010120000001111102201001111101110110001120012110100110111010220011111200210020112012110111111100210110101010000121202001110011101010001220002
110001100110001011110111101110111111010110111110001001010011001110011101101010101000001000000000010000010001000000100000010001010101100100011110001000001000000010001000110110000000000100000000000001001010010100101100000010001000010100010001001110010001000000010101011010101101101000011010001010010120000002111100001001111101110110001100010120100110111010200011111000010000211010110111111100010110101010000111101002110012101020001021000
110001000110001010110111100111111211010110111111001001010011001110011101101010101010001101110001010011110101001011100000010001110111101100011110011001001011000110101100110110100110110100010000001000001000010100101100000111111100010101010001011111011011010000010101011010101101101000011010101110010120000001111101101001111111110110101110011110100110111010210011111100110010111011110111111100110110101010000111101001110011101010001111000
110001001111101010110111100111111211010110111110001001010011001110011101101010101010001101110001010011110001001011100000010001110111101100011110011001001001000110101001110110000110110100010000001000001000010100101100000101111100010101010001011111011011010000010101011010001101101000011000101110010020000001111101101001011101010100001110011110100010111010210001111100110010111011010111110010110010101010000111101001110011101010001111002
000001000000000010000010000000000200000000000002000000000000000010000100001000001020000202220002000022210201002022000000001000200121002100000100020002000022000000200200010000200220200000001000002000001010010100101100000111111100010101010001011111011011010000010100021000200110000000000020100110000220000001111001100001200000200020000010011010000200120000210020000100100010112012200000002200100200000000000020202000001000000010102100102
220011002002200110021212210020202202121221201002002002120022012010022100201000001020002202220002020122210211002122200001021002220121102100022120120002102022000010202200010100200220211000010011002010011000011010001000000101111100000001010001010001001010010000000100001000001001101000011000101110010020000000111001101000001111010100101110011100100010101010210000111100110010110010010111110000110000000000000101000011001001000000000110000
000001000000000010000010000001000200000000000001000000000100000010000100001000001010000101110001000011110101001011000000001000100111011100000100011001000011000100100100010000100110100000000000001000001010010100101100000212221200010102010001021112012021021000010100000010100100000000000020200210000220000000111002200001200000200020000020012000000200110000220020000200200020111011200000001200200200000000000010201000000000000000201000102
110001101111101010010111100011101201010110101002001001010011001010011100101000001010001101110001010011110201001011100000010001110111101100011110011001001021000010101200010110200110110100010000001000001000010100101100000121111100010101010001011111011011010000010101021000101101101000011020101110010220000001111101101001211101210120001110011110100210121010210021111100110010112011210111112200110210001010000121202001110011101010012110000
110001101111101010110111100111111211010110111112001001010011001110011101101010101010001101110001010011110201001011100000010001110111101100011110011001001021000010101200110110200110110100010000001000001000010100101000000222221200010102010001021112012021020000010102022010102102202000022020202210020220000002111202202001222202220220002220012220200220112020220021222200220020212011220222222200220210101010000222202002220022202020002220000
220011002002200110121212210121212212120221211112002002120022012110022101201010101020002202220002020122210211002122200001021002220121102100022120121102002022000010202200110110200220220100020001002000011000011110101000110222221200010102111101021112012020020111110111022000001101111110111121211211111221111010111112211111211101210120001120112100100210111011221120111200211020111011210111112200211200000000001111211101110011101010102210000
110001101111101010110111100111111211010110111111001001010011001110011101101010101010001101110001010011110101001011100000010001110111101100011110011001001011000110101100110110100110110100010000011000001000010100101100000111111100010101010001011111011011010000010101011010101101101000011010101110010120000001111101101001111101110110001110011110100110111010210010111100110010111011110111111100110100000000000111101001110011101010001111002
000001100110011011100010001101010210000000011110000000000100000110000101001010101000000000000000000000010001000000000000000000000101100100000100001000000000000210000000110110000000010100010000000000001000010100101000000000001000010100010001001110010000000000010111001010001101111110111101011011111011111010111100011111011101010100001100110100100010111011201101111010010000111011010111110000011000001000001111101001110011101001101111000
000001000000000010000010000001000100000000000001000010000000000010000100011001011111110111111111101011111101111011011110101110101111111101100101010001010011111101100100010000111110110000111100001100001110010101001111001111111110110111010011110011101011111000000000011101210000000000000010100110000120000000000001100001100000100011000010011000000100010000210010000101100010001001100000001101100100000000010010201000001000000001101100101
110001001001100010010111100011101201010110101002001001010011001010011100101000001020001202220002010022210201002022100000010001210121102100011110020002001022000000201200010000200220210000010000002000001010010100101100000121111100010101010001011111011011010000010100022000100100000000000020100110000220000002111001100001200000200020000010011020000200120000210020000100100010112012200000002200100200000000000020202000000000000010002200002
000001200220022000000010002000000200000000000000000000000100000011000100001000001000000000000000000000000001000000000000000000000101000000000100001010000000000200000001000000000000000000000000000000000000000000000000000000000000000000000000000000000000001000000000000010000010000000000000000010000010000000000000000000000000000000000001000001000000000000200000000020000000000000000000000000000000000000000000000010000000000100000002101
110001101111111010110111101111111211010110111111001001010011001110011101101010101000001000000000010000010101000000100000010001010101100110011110001000001010000010001100110110100000000100000000000000001000010100101000000020001000010100010001001110010001000000010101020010101101101000011020001010010220000001111100001001211101210120001100010110100210111010200021111000010000211010210111112200010210101010000111211102110012101010001021000
110001000110001010110111100111111211010110111000001001010011001110011101101010101010001101110001010011110001001011100000010001110111101100011110011001001001000010101000110110000110110100010000001000001000010100101100000101111100010101010001011111011011010000010101011010101101101000011010101110010120000000111101101001111101110110001110011100100110111010210011111100110010212011110111111100110110101010000121202012110012101000001120002
000000100110011000000010001000000200001000000000000100000100100010000100001000001000000000000000000000000001000000000000000000000101010100000100001000100000000010000001010100000000001000000010000010000000000000000000000000000000000000000000000000000000001000000000000010000000000000000000000000000010000000000000000000000010000000000001000000000000000000100000000010000000000000000000000000000000000000000000000010001000000000000001000
220001002112201010220212200221222222020220221221002002020022002210022102201020201010002101110001020011110101001011200000020002120111101100022120011001002011000010102100210110100110120100020000001000001000010100101000000212221200010102010001021112012021020000010102012010002102202000022010202210020120000002111202202001122202120210002220012220200120112020220011222200220020212011120222221100220110101010000212101002220022202020001220000
000001000000000010000010000001000100000000000001000000000000000010000100001000001010000101110001000011110101001011000000001000100111001100000100010001000011000000100100010000100110110000011000001000001010010100101100000111111100010101010001011111011011011000010100011000200100000000000010100120000120000000111001100001100000100010000010011000000100120000210010000100100010112012100000001100100100000000000020202000000000000000102100102
220001002112201010220212200221222222020220221222002002020022002210022102201020201020002202220002020022210201002022200000020002220121102100022120021002002022000010202200210110200220220100020000002000001000010100101100000222221200010102010001021112012021020000010102022010102102202000022020202210020220000002111202202001222202220220002220012220200220112020220021222200220020212011220222222200220210101010000222202002220022202020001220002
110001000000000010010111100011101201010110101001001001010011001010011100101000001000001000000000010000010100000000100000010001010001100100011110000010001010000000001100010000100000000000000000000000001000010000001000000000000000000000000000000000000000000000000100010010000000000000000000000010000020000001111000000000000000000000000000000010000000010000200000000000000000010010000000000000000000000000000000100000000000000010000001002
000001000000000010000010000001000200000000000001000000000000000010000100001000001010000101110001000011110101001011000000001000100111001100000100011011000011000100100100010000100110100000000000011000001010010000001100000000000000000100000000000010000001000000000000000000000010000000000000000010000020000000000000000001000000000000000000000001000000010000200000000000000000000000000000000000000000000000000000000000000000000100000000102
001101100110011001000010001000000200000000001000000000000100100010100100001100001000000000000000000000010001000000000000000000000101100000000100001010000100000110010000001001000001000010000000110000101001110000011000000010000001001000000000000000000100001000001100100010000010000000000000000010000020000101111000000000000000001000010001000011001001110100200000000010000100000100000000000000000001000001100000100010000100010110010002111
000001100110011011000010001001000200000000001000000100000100000010000100001000001000000000000000000000010001000000000000000000000101100100000100001010000000000010000000010110000000000100000000000000001000010100101000000000001000010100010001001110010000000000010101000010001101101000011000001010010020000001111100001001011101010100001100010110100010111010200001111010010000210010010111110000010010101010000101100002110012101010001022000
110001001111101010110111100111111211010110111111001001010011001110011101101010101010001101110001010011110101001011100000010001110111101100011110011001001011000010101100110110100110110100010000001000001000010100101100000111111100010101010001011111011011010000010101021010101101101000011010101110010120000002111101101001111101110110001110011120100110111010210011111100110010212011110111112100110110101010000121202002110012101010001120002
110001101111101010110111100111111211010110111111001001010011001110011101101010101010001101110001010011110101001011100000010001110111101100011110011001001011000010101100110110100110110100010000001000001000010100101100000111111100010101010001011111011011010000010101011010101101101000011010101110010120000001111101101001111101110110001110011110100110111010210011111100110010112011110111111100110110101010000121202002110012101010001120002
000000000000000000000010000000000100000000000000000000000100100010000100001000001000000000000000000000000001000000000000000000000101000000000100001000100000000110000001000100000000001000000000000011001010010000001100000000000000000000000000000000000001001000000000000010100000000000000000000000000010000000000000000000000010000000100001000000000000000000100000000010000000000000000000000000000000000000000000100010001000000000001001000
110001101110001010110111101111111211010110111110001001010111001110011101101010101000001000000000010000010001000000100000010001010101100100011110001000001000000010001000110110000000010100010000000001001010010100101100000222221200010102010001021112012021020000010102022010102102202000022020202210020220000002111202202001222202220220002220012220200220112020220021222200220020212011220222222200220210101010000222202002220022202020001121000
